0 54450
1 12976
2 5170
3 2535
4 1463
5 967
6 624
7 490
8 355
9 277
10 209
11 179
12 150
13 152
14 113
15 118
16 95
17 80
18 59
19 50
20 54
21 50
22 33
23 41
24 47
25 37
26 31
27 26
28 28
29 19
30 18
31 20
32 11
33 21
34 20
35 9
36 13
37 11
38 15
39 15
40 9
41 12
42 6
43 11
44 13
45 14
46 6
47 7
48 8
49 5
50 6
51 9
52 9
53 6
54 4
55 8
56 3
57 8
58 3
59 8
60 3
61 1
62 3
63 3
64 6
65 4
66 4
67 4
68 2
69 2
70 2
71 4
72 2
73 2
74 4
75 2
76 3
77 4
78 2
79 2
81 3
82 1
83 4
84 1
85 1
86 2
87 3
88 1
89 2
90 3
91 4
92 2
93 1
94 1
95 2
96 2
97 2
98 1
99 1
100 2
101 1
103 2
107 3
108 1
109 2
114 1
115 1
117 1
120 1
121 1
123 1
132 1
143 2
150 2
155 1
160 1
165 1
