0 73111
1 4310
2 1253
3 590
4 338
5 252
6 174
7 144
8 107
9 85
10 74
11 61
12 57
13 51
14 43
15 39
16 26
17 30
18 24
19 23
20 21
21 15
22 23
23 11
24 10
25 15
26 19
27 16
28 14
29 12
30 14
31 7
32 9
33 10
34 16
35 11
36 5
37 9
38 7
39 8
40 8
41 4
42 6
43 9
44 4
45 3
46 2
47 6
48 4
49 3
50 2
51 6
52 2
53 8
54 4
55 1
56 2
57 3
58 4
59 4
61 4
62 1
63 2
64 2
65 3
66 4
67 2
68 2
69 6
70 1
71 1
72 2
74 1
75 1
76 2
77 3
78 3
79 2
80 1
81 3
82 2
84 3
85 1
88 1
89 1
90 3
91 2
92 2
93 2
94 1
95 4
96 1
97 1
98 1
99 3
100 4
101 1
102 2
103 2
104 2
105 1
106 1
107 1
110 1
111 2
112 1
114 1
116 4
118 2
121 2
124 1
127 2
128 1
129 3
130 1
132 1
133 3
135 1
137 1
140 1
141 1
142 2
144 1
146 1
148 1
149 2
150 2
152 1
153 1
155 1
157 1
162 1
163 1
168 1
170 1
171 1
172 1
174 1
178 1
180 2
187 1
188 1
189 1
190 1
192 1
193 2
198 1
200 1
201 1
203 1
215 1
217 2
218 1
226 1
238 1
242 1
264 1
265 2
272 1
276 1
295 1
296 1
301 1
317 1
320 1
357 1
360 1
362 1
388 1
446 1
619 1
658 1
678 1
891 1
1001 1
