0 75044
1 3485
2 934
3 474
4 268
5 198
6 133
7 78
8 77
9 51
10 43
11 45
12 32
13 29
14 28
15 29
16 21
17 19
18 14
19 16
20 11
21 7
22 11
23 13
24 13
25 9
26 15
27 14
28 6
29 6
30 8
31 8
32 7
33 4
34 3
35 6
36 8
37 5
38 3
39 2
40 7
41 1
42 2
43 3
44 5
45 4
46 2
47 3
48 2
49 1
50 1
51 4
52 4
53 1
54 3
55 1
56 3
58 4
59 1
60 4
61 4
62 2
63 1
64 1
65 1
67 3
68 7
69 2
70 1
71 4
72 2
73 1
76 2
77 1
78 1
81 2
82 2
83 1
90 1
93 1
96 1
98 2
99 1
100 2
102 2
103 2
104 1
105 1
106 1
112 1
113 1
115 2
117 1
125 1
127 1
130 1
136 1
138 1
142 1
149 1
150 1
157 1
181 1
187 1
198 1
264 1
273 1
300 1
368 1
