0 76115
1 2202
2 771
3 451
4 284
5 210
6 156
7 105
8 96
9 68
10 68
11 50
12 41
13 39
14 33
15 29
16 38
17 27
18 29
19 20
20 24
21 14
22 12
23 12
24 18
25 10
26 9
27 10
28 12
29 11
30 13
31 9
32 14
33 5
34 15
35 10
36 9
37 8
38 5
39 5
40 6
41 9
42 3
43 7
44 1
45 4
46 6
47 3
48 6
49 4
50 6
51 4
52 5
53 3
54 7
55 7
56 3
57 9
58 2
59 5
60 6
61 3
62 3
63 1
64 2
65 6
66 5
67 4
68 1
69 2
70 3
72 3
73 2
75 2
76 3
77 3
79 3
80 2
81 2
82 1
84 2
85 3
86 1
87 3
91 2
94 3
95 1
96 1
97 4
98 1
99 1
100 4
102 2
103 2
104 1
105 1
106 2
107 2
108 1
109 1
110 2
113 2
114 4
115 2
116 2
118 3
119 3
120 2
125 1
127 1
128 1
129 1
130 1
131 1
132 2
133 1
135 1
136 2
137 1
139 2
141 2
143 1
146 1
147 1
151 1
156 1
159 2
161 1
162 1
165 1
180 1
183 1
187 1
190 1
204 1
209 1
228 1
252 1
