0 43518
1 3040
2 2008
3 1754
4 1707
5 1605
6 1494
7 1362
8 1297
9 1242
10 1176
11 1069
12 1009
13 921
14 909
15 785
16 770
17 709
18 685
19 642
20 612
21 574
22 529
23 544
24 500
25 458
26 409
27 413
28 384
29 416
30 361
31 343
32 299
33 285
34 291
35 286
36 275
37 258
38 242
39 202
40 222
41 199
42 204
43 177
44 211
45 185
46 169
47 166
48 152
49 162
50 112
51 143
52 127
53 113
54 112
55 117
56 110
57 130
58 83
59 92
60 100
61 86
62 92
63 89
64 80
65 93
66 76
67 84
68 73
69 65
70 67
71 65
72 55
73 72
74 65
75 52
76 47
77 43
78 38
79 51
80 36
81 37
82 44
83 38
84 32
85 45
86 37
87 39
88 20
89 39
90 38
91 30
92 42
93 32
94 29
95 27
96 22
97 37
98 34
99 14
100 25
101 20
102 22
103 19
104 25
105 14
106 25
107 26
108 10
109 14
110 15
111 18
112 12
113 20
114 15
115 18
116 19
117 10
118 9
119 12
120 11
121 22
122 16
123 7
124 12
125 13
126 12
127 15
128 14
129 10
130 12
131 12
132 10
133 8
134 7
135 11
136 9
137 7
138 7
139 8
140 9
141 9
142 13
143 6
144 12
145 7
146 8
147 8
148 5
149 5
150 3
151 7
152 3
153 4
154 5
155 3
156 2
157 9
158 3
159 3
160 3
161 2
162 3
163 6
164 3
165 3
166 4
167 3
168 6
169 4
170 3
171 5
172 3
173 5
174 3
175 3
176 2
177 2
178 5
179 2
180 4
181 2
182 1
183 1
184 1
185 2
186 6
187 5
188 2
189 2
190 5
191 2
192 2
194 4
195 2
196 3
197 2
199 4
200 2
201 1
202 2
203 3
204 2
205 1
206 2
207 1
210 1
211 1
214 1
215 2
218 2
220 2
222 1
224 1
225 1
226 1
227 1
228 1
229 1
230 1
231 1
233 1
235 2
240 2
241 2
243 1
246 1
250 1
251 1
253 1
256 3
262 1
264 1
272 1
291 1
310 1
313 1
335 1
370 1
374 1
438 1
444 1
