0 54297
1 13117
2 5153
3 2614
4 1452
5 976
6 587
7 419
8 384
9 290
10 234
11 195
12 145
13 148
14 107
15 116
16 91
17 78
18 69
19 57
20 54
21 41
22 48
23 37
24 42
25 29
26 26
27 26
28 31
29 23
30 23
31 13
32 19
33 17
34 14
35 9
36 11
37 10
38 12
39 15
40 7
41 10
42 10
43 8
44 8
45 7
46 14
47 8
48 8
49 8
50 9
51 7
52 6
53 9
54 8
55 8
56 6
57 3
58 7
59 3
60 5
61 6
62 2
63 4
64 4
65 4
66 1
67 1
69 7
70 2
71 2
72 2
73 4
74 4
75 4
76 1
77 2
78 3
79 5
80 1
81 1
83 2
84 3
85 2
86 3
87 3
88 1
89 1
90 2
91 2
92 2
93 2
95 1
96 5
97 1
98 3
99 3
100 3
102 2
104 1
105 1
107 1
110 1
112 1
115 1
116 1
117 1
119 1
124 1
136 1
137 2
140 1
144 1
156 1
161 1
168 1
