0 47051
1 4738
2 3917
3 3252
4 2674
5 2372
6 1871
7 1775
8 1506
9 1307
10 1122
11 1017
12 820
13 763
14 641
15 598
16 520
17 508
18 446
19 405
20 353
21 291
22 294
23 247
24 216
25 193
26 188
27 170
28 149
29 131
30 129
31 130
32 116
33 100
34 95
35 106
36 67
37 85
38 61
39 75
40 59
41 48
42 35
43 45
44 39
45 26
46 37
47 40
48 30
49 28
50 32
51 25
52 27
53 21
54 21
55 21
56 13
57 19
58 18
59 10
60 16
61 19
62 6
63 11
64 9
65 6
66 14
67 6
68 5
69 8
70 13
71 9
72 7
73 6
74 3
75 7
76 6
77 3
78 5
79 5
80 2
81 2
82 2
83 5
84 3
85 1
86 2
87 2
88 3
89 5
90 1
91 2
92 1
94 2
95 2
96 1
98 2
102 1
104 2
106 1
115 1
121 2
128 1
140 1
143 1
161 1
178 1
