0 35412
1 13885
2 7724
3 5135
4 3467
5 2658
6 1947
7 1520
8 1208
9 1067
10 786
11 678
12 588
13 495
14 407
15 338
16 301
17 287
18 260
19 237
20 177
21 163
22 134
23 157
24 136
25 164
26 103
27 110
28 85
29 71
30 86
31 68
32 79
33 56
34 66
35 55
36 58
37 70
38 69
39 44
40 48
41 43
42 30
43 40
44 32
45 36
46 24
47 17
48 19
49 24
50 26
51 25
52 23
53 26
54 11
55 17
56 18
57 11
58 14
59 14
60 14
61 16
62 12
63 16
64 13
65 6
66 9
67 12
68 6
69 10
70 9
71 7
72 11
73 6
74 9
75 8
76 7
77 12
78 11
79 7
80 8
81 7
82 4
83 8
84 2
85 9
86 7
87 6
88 4
89 2
90 3
91 5
92 5
93 6
94 4
95 4
96 4
97 5
98 6
99 3
100 4
101 2
103 3
104 2
105 3
106 5
107 4
108 1
109 2
110 3
111 1
112 5
113 2
114 4
115 1
116 2
117 2
118 2
119 3
120 3
121 6
122 3
123 4
124 3
125 3
126 3
128 3
129 2
130 3
132 2
133 2
134 1
135 1
136 2
137 2
138 2
140 1
141 1
143 1
144 1
145 1
146 2
147 1
148 1
151 1
152 1
153 1
154 1
156 1
157 1
158 2
160 1
161 1
162 1
163 2
164 2
165 3
166 3
168 1
170 2
174 1
179 1
181 1
182 1
184 1
188 1
189 1
190 1
198 1
200 1
202 1
203 1
206 1
212 1
214 1
224 1
236 1
238 1
239 1
240 2
251 1
262 1
266 1
306 1
311 1
