0 59814
1 9492
2 3219
3 1867
4 1431
5 1111
6 749
7 581
8 443
9 328
10 276
11 239
12 168
13 155
14 165
15 123
16 94
17 91
18 71
19 80
20 54
21 62
22 48
23 40
24 37
25 36
26 35
27 28
28 35
29 21
30 16
31 24
32 22
33 12
34 18
35 16
36 21
37 11
38 14
39 15
40 21
41 13
42 9
43 4
44 7
45 6
46 8
47 3
48 5
49 4
50 6
51 5
52 8
53 8
54 8
55 9
56 1
57 8
58 5
59 5
60 5
61 6
62 5
63 6
64 5
65 5
66 4
67 8
68 1
69 2
70 2
71 3
72 3
75 3
76 5
77 1
78 2
80 2
81 2
82 2
84 2
85 1
86 1
87 1
88 3
90 3
91 2
92 2
93 1
94 3
95 1
96 4
99 1
109 1
115 1
130 1
137 2
