0 45254
1 3664
2 2898
3 2604
4 2345
5 2062
6 1821
7 1681
8 1553
9 1289
10 1154
11 1124
12 1022
13 926
14 872
15 774
16 702
17 612
18 582
19 540
20 509
21 469
22 452
23 370
24 368
25 323
26 300
27 282
28 294
29 260
30 237
31 250
32 206
33 191
34 170
35 171
36 161
37 160
38 138
39 131
40 127
41 119
42 97
43 102
44 103
45 72
46 83
47 89
48 80
49 69
50 60
51 49
52 67
53 50
54 65
55 58
56 51
57 61
58 46
59 51
60 42
61 43
62 32
63 33
64 27
65 27
66 20
67 37
68 17
69 21
70 27
71 24
72 18
73 18
74 34
75 22
76 18
77 17
78 17
79 17
80 19
81 15
82 18
83 9
84 11
85 15
86 16
87 15
88 8
89 11
90 12
91 6
92 12
93 7
94 9
95 9
96 7
97 9
98 5
99 9
100 6
101 8
102 8
103 1
104 5
105 4
106 7
107 7
108 4
109 7
110 3
111 3
112 4
113 5
114 3
115 5
117 2
118 3
119 3
120 7
121 4
122 2
123 2
124 2
125 2
126 2
128 3
129 1
130 1
131 2
132 1
133 1
134 2
135 3
136 1
137 1
138 1
139 1
140 1
141 1
142 3
143 1
144 1
145 1
146 3
147 3
151 1
153 1
158 1
159 1
170 1
172 1
183 1
188 1
195 1
213 1
221 1
258 1
274 1
