0 49271
1 7346
2 3769
3 2864
4 2388
5 1959
6 1695
7 1398
8 1199
9 1049
10 881
11 709
12 655
13 565
14 470
15 429
16 373
17 342
18 280
19 231
20 256
21 203
22 173
23 177
24 177
25 143
26 133
27 118
28 111
29 109
30 115
31 91
32 88
33 75
34 77
35 77
36 63
37 57
38 65
39 54
40 67
41 40
42 40
43 55
44 35
45 36
46 32
47 34
48 39
49 26
50 20
51 31
52 27
53 24
54 23
55 20
56 22
57 21
58 23
59 15
60 18
61 21
62 6
63 17
64 15
65 11
66 14
67 9
68 11
69 13
70 9
71 9
72 12
73 11
74 7
75 8
76 9
77 8
78 8
79 6
80 9
81 8
82 4
83 5
84 4
85 8
86 7
87 5
88 3
89 3
90 7
91 5
92 2
93 4
94 3
95 4
96 3
97 3
98 5
99 4
100 6
101 3
102 1
103 6
104 5
105 5
106 6
107 4
108 3
109 3
111 8
112 1
113 2
114 2
115 1
116 1
117 4
118 3
119 2
120 2
122 4
124 3
125 1
126 1
127 2
128 1
129 1
130 1
133 1
134 2
135 1
137 1
139 2
140 1
141 3
142 1
143 2
144 2
145 2
148 1
149 2
150 2
151 1
155 1
162 1
163 1
164 2
170 1
171 3
172 1
173 1
180 1
185 1
189 1
196 1
199 1
229 1
269 1
