0 35338
1 13933
2 7892
3 5055
4 3470
5 2631
6 1994
7 1545
8 1159
9 1047
10 766
11 637
12 576
13 524
14 385
15 362
16 306
17 294
18 242
19 222
20 195
21 174
22 156
23 147
24 123
25 122
26 123
27 109
28 101
29 105
30 83
31 78
32 55
33 70
34 55
35 59
36 49
37 52
38 58
39 39
40 52
41 40
42 49
43 43
44 28
45 33
46 37
47 27
48 31
49 17
50 13
51 28
52 15
53 19
54 22
55 21
56 10
57 13
58 16
59 13
60 13
61 15
62 17
63 9
64 10
65 9
66 11
67 18
68 8
69 6
70 11
71 10
72 11
73 3
74 6
75 9
76 6
77 10
78 5
79 13
80 4
81 8
82 3
83 6
84 9
85 4
86 4
87 6
88 2
89 3
90 12
91 5
92 1
93 7
94 2
95 4
96 2
97 1
98 3
99 4
100 4
101 3
102 1
103 5
104 4
105 2
106 6
107 2
108 3
109 5
110 2
111 4
112 4
114 5
115 1
117 3
119 2
120 5
121 3
122 1
123 4
124 1
125 2
126 5
127 3
128 4
129 2
130 2
131 2
132 2
133 1
135 2
136 4
137 2
138 1
140 1
143 1
144 2
145 2
147 2
148 1
150 1
152 2
153 1
154 1
155 1
156 3
157 1
160 1
161 1
164 2
166 3
168 2
171 2
172 2
174 1
179 1
182 1
183 1
185 1
187 1
194 2
196 1
205 1
207 1
208 1
211 1
220 1
229 1
231 1
243 2
245 1
246 1
249 1
254 1
276 1
312 1
325 1
