0 5593
1 18629
2 1873
3 2609
4 2673
5 2631
6 2515
7 2352
8 2290
9 2091
10 1993
11 1876
12 1825
13 1581
14 1599
15 1450
16 1371
17 1233
18 1191
19 1128
20 991
21 958
22 906
23 853
24 815
25 787
26 715
27 698
28 662
29 557
30 556
31 562
32 500
33 474
34 456
35 433
36 449
37 366
38 357
39 364
40 335
41 297
42 301
43 279
44 309
45 277
46 278
47 240
48 243
49 239
50 209
51 209
52 189
53 193
54 197
55 161
56 151
57 166
58 176
59 142
60 137
61 149
62 126
63 121
64 125
65 107
66 98
67 97
68 101
69 97
70 102
71 100
72 88
73 87
74 93
75 68
76 81
77 62
78 55
79 65
80 70
81 62
82 59
83 70
84 57
85 50
86 46
87 46
88 54
89 55
90 50
91 40
92 46
93 49
94 37
95 36
96 48
97 34
98 51
99 37
100 42
101 42
102 46
103 39
104 46
105 28
106 38
107 36
108 25
109 29
110 31
111 33
112 27
113 28
114 32
115 30
116 36
117 26
118 26
119 32
120 30
121 26
122 21
123 21
124 27
125 21
126 26
127 25
128 26
129 32
130 15
131 19
132 21
133 23
134 19
135 18
136 25
137 26
138 19
139 20
140 26
141 19
142 14
143 19
144 22
145 10
146 20
147 19
148 11
149 17
150 12
151 14
152 11
153 19
154 21
155 14
156 16
157 11
158 13
159 19
160 13
161 18
162 18
163 15
164 18
165 10
166 17
167 11
168 16
169 16
170 12
171 6
172 11
173 12
174 14
175 13
176 8
177 12
178 8
179 14
180 7
181 8
182 15
183 5
184 15
185 11
186 11
187 12
188 11
189 9
190 11
191 11
192 12
193 9
194 9
195 9
196 13
197 7
198 12
199 9
200 6
201 8
202 6
203 9
204 4
205 6
206 5
207 5
208 9
209 8
210 6
211 10
212 11
213 3
214 6
215 8
216 5
217 4
218 4
219 11
220 3
221 11
222 9
223 7
224 3
225 7
226 6
227 8
228 5
229 8
230 5
231 3
232 8
233 7
234 8
235 6
236 5
237 4
238 4
239 5
240 6
241 10
242 2
243 5
244 4
245 2
246 2
247 1
248 5
249 5
250 4
251 2
252 3
253 6
254 5
255 7
256 3
257 2
258 1
259 6
260 3
261 2
263 3
264 7
265 2
266 7
267 5
268 2
269 1
271 3
272 3
273 3
274 6
275 5
276 3
277 1
278 1
279 3
280 4
281 2
282 7
283 5
284 2
286 1
287 5
288 1
289 3
290 2
291 7
292 2
293 3
294 3
296 2
298 2
299 1
300 1
301 4
303 3
304 2
305 5
306 4
307 2
308 3
309 2
310 5
312 2
313 2
314 2
316 2
317 3
318 5
319 4
320 2
322 3
324 2
325 1
327 1
328 1
329 2
330 5
332 1
333 4
334 3
336 1
337 1
338 2
339 3
340 4
341 4
343 1
344 1
345 3
346 1
347 2
351 2
352 2
353 2
355 1
358 1
359 3
360 3
361 2
362 1
364 2
365 2
367 2
368 4
369 2
370 2
371 1
373 2
374 1
375 2
376 1
377 2
381 4
382 3
383 1
384 4
385 2
386 3
387 1
389 3
390 3
391 1
392 2
393 3
396 2
397 1
398 1
399 1
401 1
402 1
403 1
404 2
405 1
407 3
409 2
414 3
418 3
419 3
420 1
421 1
422 2
424 2
425 3
426 1
427 1
428 2
429 1
430 1
431 1
436 5
437 2
439 1
440 1
441 1
442 2
444 1
446 1
447 1
449 1
450 1
452 2
453 2
458 1
463 1
465 1
466 1
470 2
472 1
475 1
477 1
478 1
480 1
482 2
484 1
487 2
488 1
492 2
495 1
497 3
501 1
502 1
503 1
504 1
505 1
506 2
507 1
510 1
512 2
514 1
516 2
518 1
519 1
522 2
523 1
524 2
525 3
527 1
529 1
531 1
532 1
535 1
536 1
539 2
541 1
542 1
545 1
546 2
547 1
548 1
549 1
553 2
554 1
556 1
558 2
559 1
560 1
563 1
566 1
567 1
574 1
575 2
580 1
582 1
584 1
589 2
591 3
600 2
602 1
609 1
610 1
611 1
615 2
618 1
621 3
624 1
625 1
628 1
630 1
631 1
633 1
634 2
636 1
637 1
639 1
640 1
645 2
648 1
651 1
653 1
654 1
656 1
659 1
663 1
667 1
669 1
671 1
684 1
686 1
687 1
693 1
705 1
707 1
711 2
712 1
713 1
714 1
715 1
717 1
725 1
732 1
734 2
753 1
759 4
771 1
778 1
784 1
794 1
800 1
802 1
804 1
806 1
811 1
819 1
821 1
823 1
845 1
853 1
859 1
861 1
864 1
890 1
895 1
904 2
929 1
938 1
943 1
951 1
954 1
960 1
964 1
983 1
990 1
1041 1
1055 1
1065 1
1066 1
1103 1
1114 1
1139 1
1146 2
1178 1
1222 1
1227 1
1301 1
1315 1
1405 1
1501 1
1539 1
1786 1
