0 493
1 27272
2 12166
3 6915
4 4842
5 3468
6 2808
7 2178
8 1802
9 1598
10 1399
11 1180
12 1095
13 896
14 839
15 748
16 672
17 573
18 521
19 476
20 484
21 416
22 356
23 350
24 304
25 321
26 297
27 245
28 220
29 244
30 235
31 227
32 205
33 227
34 196
35 170
36 151
37 161
38 142
39 143
40 116
41 118
42 115
43 117
44 112
45 104
46 88
47 85
48 87
49 82
50 76
51 77
52 80
53 73
54 76
55 76
56 54
57 50
58 63
59 55
60 56
61 52
62 49
63 48
64 62
65 48
66 45
67 43
68 45
69 48
70 35
71 38
72 43
73 40
74 28
75 28
76 40
77 24
78 39
79 30
80 28
81 37
82 28
83 21
84 36
85 25
86 32
87 23
88 20
89 19
90 23
91 22
92 19
93 28
94 15
95 13
96 19
97 26
98 27
99 13
100 18
101 14
102 22
103 18
104 21
105 11
106 10
107 13
108 9
109 16
110 11
111 17
112 19
113 12
114 6
115 20
116 9
117 13
118 9
119 14
120 13
121 5
122 15
123 12
124 7
125 10
126 6
127 11
128 8
129 16
130 14
131 13
132 10
133 2
134 12
135 9
136 7
137 13
138 11
139 8
140 8
141 11
142 13
143 6
144 6
145 8
146 4
147 8
148 6
149 6
150 3
151 7
152 9
153 4
154 4
155 5
156 8
157 12
158 3
159 8
160 4
161 8
162 8
163 5
164 9
165 2
166 6
167 4
168 3
169 6
170 2
171 3
172 7
173 2
174 8
175 2
176 8
177 6
178 5
179 6
180 6
181 6
182 4
183 2
184 2
186 5
187 4
188 1
189 5
190 3
191 4
192 7
193 2
194 4
195 3
196 4
197 3
198 5
199 1
200 3
201 5
202 1
203 2
204 7
205 7
206 4
207 4
208 1
209 4
210 5
211 5
212 2
213 3
214 3
215 2
216 5
217 3
218 3
219 1
220 2
221 3
223 5
224 4
225 2
226 4
227 5
228 1
230 2
231 3
232 3
233 1
234 2
235 3
236 6
237 1
239 2
240 2
241 2
242 2
243 3
244 3
245 2
246 3
247 3
248 2
249 2
250 2
252 1
253 3
254 1
255 4
256 3
257 1
258 3
260 6
261 3
262 1
263 1
264 1
265 3
266 4
267 1
268 1
269 1
270 1
271 2
272 2
273 1
274 3
275 1
278 1
279 1
282 2
283 2
284 1
285 2
286 1
287 1
289 2
290 3
291 1
292 2
293 2
294 1
295 2
297 3
298 1
299 2
300 1
301 4
303 1
304 1
305 2
306 3
308 2
309 1
311 3
312 1
313 1
316 1
318 1
320 2
321 2
323 2
324 1
325 1
328 3
329 2
330 2
333 1
334 1
336 1
337 1
338 2
339 1
340 1
341 1
345 1
346 1
347 2
350 1
353 1
354 2
355 2
358 1
359 1
362 1
363 1
364 1
366 1
367 1
370 1
372 2
373 2
375 1
379 1
381 1
383 2
385 1
387 2
388 1
389 1
390 2
393 1
396 1
397 1
398 1
401 1
402 1
405 2
406 2
412 1
413 1
416 1
417 1
419 1
424 1
425 1
432 1
440 1
442 1
445 1
446 1
447 1
448 1
451 1
452 1
453 1
461 1
467 1
470 1
471 1
473 1
476 2
482 1
485 1
486 1
488 1
490 1
493 1
495 1
498 1
499 1
505 1
510 1
512 1
518 1
520 1
522 1
523 1
524 1
526 1
528 1
535 1
537 1
542 1
551 1
564 1
567 1
572 3
579 1
583 1
584 1
586 1
600 2
604 1
614 1
625 1
627 2
634 1
648 1
651 1
657 2
659 1
664 2
667 3
671 1
672 1
676 1
679 1
682 1
697 1
699 1
714 1
717 1
718 1
723 1
744 1
746 1
762 1
784 1
790 1
792 1
794 1
808 1
816 1
830 1
852 1
863 1
865 1
878 1
886 1
890 1
894 1
898 1
904 1
906 1
915 1
926 1
944 1
962 2
977 1
1015 1
1019 1
1023 1
1026 1
1084 1
1110 1
1150 1
1153 1
1164 1
1188 1
1191 1
1197 1
1244 1
1255 1
1292 1
1311 1
1332 1
1413 1
1429 1
1478 1
1492 1
1521 1
1571 1
1900 1
1931 1
2127 1
2420 1
2425 1
2653 1
3120 1
3382 1
