0 21010
1 17686
2 9960
3 6485
4 4626
5 3442
6 2613
7 1990
8 1670
9 1414
10 1202
11 933
12 841
13 722
14 616
15 540
16 452
17 413
18 379
19 295
20 294
21 242
22 204
23 210
24 182
25 181
26 147
27 142
28 135
29 109
30 121
31 92
32 75
33 88
34 72
35 69
36 63
37 53
38 79
39 58
40 48
41 51
42 44
43 55
44 44
45 43
46 37
47 33
48 32
49 41
50 31
51 26
52 31
53 13
54 23
55 19
56 18
57 25
58 14
59 19
60 23
61 18
62 25
63 14
64 22
65 12
66 18
67 9
68 15
69 16
70 11
71 16
72 18
73 16
74 10
75 13
76 14
77 14
78 8
79 18
80 8
81 5
82 10
83 10
84 14
85 6
86 11
87 6
88 14
89 7
90 4
91 10
92 3
93 5
94 9
95 6
96 7
97 9
98 5
99 5
100 5
101 5
102 6
103 5
104 3
105 10
106 3
107 5
108 3
109 4
110 6
111 3
112 4
113 4
114 6
115 5
116 4
117 5
118 4
119 5
120 2
121 2
122 1
123 1
124 6
126 2
127 2
128 2
129 1
130 3
132 1
133 1
134 2
135 1
136 6
137 1
138 2
139 1
140 4
142 2
143 1
145 1
146 1
147 2
149 3
151 1
154 2
155 2
156 1
157 3
158 2
159 1
160 2
161 1
162 1
163 1
164 1
165 1
166 1
167 1
168 1
171 1
173 2
174 1
177 1
178 2
179 2
180 1
181 1
182 1
183 1
184 1
185 1
187 1
188 1
189 2
192 1
194 2
195 1
198 2
199 1
200 1
201 1
203 5
204 1
206 1
208 1
210 1
211 2
212 2
213 1
214 1
217 1
218 1
221 1
222 1
224 1
226 2
229 1
230 1
233 2
234 1
238 1
240 2
246 2
248 1
250 2
254 1
260 1
262 1
263 1
264 1
269 1
271 1
286 1
288 1
295 1
297 1
303 1
305 1
310 1
315 1
316 1
318 1
319 1
320 1
321 1
322 1
327 1
330 1
331 2
335 1
337 1
338 1
347 1
348 1
350 1
360 1
361 1
366 1
381 1
398 1
406 1
413 1
415 1
416 1
420 1
425 1
430 1
431 1
441 1
449 1
451 1
487 1
492 1
510 1
562 1
569 1
643 1
648 1
773 1
981 1
1031 1
1044 1
1058 1
1173 1
