0 10813
1 17201
2 10541
3 7138
4 5263
5 4026
6 3158
7 2656
8 2176
9 1774
10 1580
11 1323
12 1171
13 995
14 870
15 809
16 700
17 681
18 585
19 520
20 459
21 408
22 379
23 359
24 324
25 294
26 264
27 248
28 246
29 213
30 208
31 177
32 170
33 146
34 134
35 114
36 128
37 118
38 124
39 99
40 105
41 110
42 79
43 79
44 99
45 63
46 72
47 73
48 67
49 40
50 58
51 44
52 53
53 40
54 54
55 44
56 40
57 38
58 40
59 45
60 37
61 48
62 27
63 22
64 27
65 36
66 36
67 23
68 24
69 28
70 27
71 27
72 24
73 24
74 15
75 24
76 23
77 15
78 15
79 20
80 11
81 17
82 19
83 7
84 17
85 18
86 10
87 16
88 11
89 16
90 16
91 13
92 14
93 13
94 11
95 19
96 12
97 8
98 8
99 15
100 6
101 8
102 9
103 11
104 16
105 13
106 3
107 11
108 16
109 9
110 8
111 15
112 10
113 7
114 4
115 6
116 5
117 8
118 2
119 6
120 5
121 5
122 9
123 15
124 8
125 3
126 5
127 7
128 4
129 2
130 4
131 5
132 7
133 8
134 3
135 8
136 5
137 6
138 7
139 4
140 4
141 5
142 3
143 6
144 3
145 8
146 5
147 5
148 5
149 6
150 4
151 3
152 4
153 5
154 2
155 1
156 1
157 7
158 6
159 4
160 4
161 4
162 2
163 4
165 1
166 2
167 3
168 4
169 7
170 3
171 3
172 5
173 1
174 1
175 2
176 1
177 4
178 4
179 3
180 3
181 5
182 4
183 2
184 2
185 2
186 1
187 4
189 3
190 1
194 2
195 1
196 5
197 3
198 1
199 2
200 2
201 1
202 1
203 2
204 2
205 3
206 4
207 1
208 5
211 2
212 2
214 1
220 1
221 2
222 2
223 1
224 2
225 1
227 1
229 1
230 1
231 2
233 1
234 1
235 1
236 5
238 3
241 2
243 1
244 2
245 2
246 1
253 1
254 3
259 1
261 1
263 1
265 1
266 1
268 1
270 1
272 2
273 2
275 1
277 1
278 2
280 2
282 1
284 2
295 3
297 1
301 2
302 1
313 1
314 1
316 1
319 2
320 1
322 1
323 3
325 1
327 1
328 2
342 2
343 1
344 1
346 1
348 1
349 1
359 1
363 2
366 1
368 1
369 1
375 1
376 1
378 1
380 1
382 1
383 1
385 2
386 1
393 1
394 2
395 1
396 1
401 1
405 1
407 1
408 1
410 1
419 1
424 1
426 1
428 2
436 1
447 1
462 1
474 2
480 1
484 1
487 1
488 1
489 1
499 1
505 1
509 1
510 1
511 1
517 1
518 1
520 1
539 1
551 1
552 1
571 1
578 1
581 1
586 1
593 1
599 1
604 1
620 2
622 1
629 1
630 1
635 2
642 1
645 1
646 1
693 1
718 1
728 1
756 1
762 1
764 1
792 1
835 1
845 1
850 1
874 1
878 1
923 1
1170 1
1181 1
1352 1
1626 1
1635 1
1726 1
1901 1
1967 1
