0 5361
1 16246
2 4135
3 4777
4 4345
5 4071
6 3669
7 2898
8 2671
9 2431
10 2137
11 1874
12 1641
13 1472
14 1388
15 1179
16 1117
17 940
18 863
19 851
20 780
21 699
22 648
23 592
24 533
25 528
26 481
27 463
28 456
29 423
30 368
31 386
32 359
33 328
34 313
35 259
36 267
37 269
38 270
39 229
40 247
41 220
42 223
43 191
44 179
45 220
46 174
47 173
48 170
49 161
50 160
51 159
52 165
53 160
54 148
55 125
56 130
57 117
58 116
59 119
60 124
61 112
62 96
63 105
64 96
65 106
66 109
67 96
68 100
69 96
70 80
71 92
72 85
73 93
74 79
75 86
76 71
77 75
78 75
79 84
80 68
81 66
82 71
83 66
84 74
85 54
86 68
87 49
88 58
89 58
90 45
91 39
92 55
93 43
94 42
95 45
96 34
97 56
98 45
99 40
100 43
101 40
102 41
103 32
104 32
105 30
106 22
107 45
108 33
109 37
110 32
111 32
112 22
113 26
114 35
115 26
116 36
117 35
118 36
119 25
120 27
121 26
122 22
123 34
124 20
125 24
126 23
127 26
128 25
129 9
130 21
131 26
132 21
133 17
134 23
135 16
136 21
137 12
138 22
139 18
140 9
141 18
142 14
143 18
144 15
145 14
146 16
147 14
148 21
149 8
150 14
151 26
152 10
153 10
154 13
155 19
156 17
157 14
158 11
159 17
160 9
161 12
162 13
163 14
164 12
165 6
166 11
167 11
168 11
169 14
170 8
171 5
172 12
173 6
174 10
175 9
176 9
177 15
178 10
179 13
180 4
181 9
182 6
183 11
184 2
185 8
186 8
187 7
188 4
189 6
190 7
191 6
192 6
193 5
194 4
195 4
196 7
197 8
198 5
199 5
200 7
201 2
202 8
203 8
204 6
205 5
206 8
207 3
208 9
209 5
210 3
211 5
212 5
213 7
214 3
215 1
216 4
217 5
218 6
219 3
220 5
221 7
222 5
223 4
224 5
225 4
226 3
227 7
228 2
229 6
230 7
231 4
232 7
233 5
234 5
235 1
236 4
237 5
238 6
239 4
240 2
241 5
242 2
243 5
244 2
245 4
246 4
247 2
249 1
250 5
251 2
252 3
253 4
255 2
256 2
257 3
258 2
259 1
260 2
261 3
262 3
263 3
266 4
267 2
269 1
270 1
272 4
273 4
274 1
275 1
276 1
277 1
278 2
279 4
280 4
281 4
283 3
284 1
285 6
286 3
287 1
288 7
289 1
290 3
292 2
294 1
296 2
300 1
301 1
302 1
303 4
304 1
305 2
306 2
307 7
308 4
309 3
310 4
314 1
315 1
316 1
317 1
318 1
319 1
320 1
322 1
323 1
324 1
326 1
327 2
329 1
330 1
331 2
333 1
334 2
335 2
337 2
340 3
342 1
343 2
345 2
347 1
348 1
349 2
350 3
351 1
352 2
354 2
358 4
363 1
364 1
366 1
368 1
369 1
370 1
373 2
374 2
376 1
379 1
381 1
382 2
384 2
387 1
388 2
390 1
392 4
396 1
399 1
403 2
406 2
410 1
412 2
413 1
414 3
419 1
420 1
422 1
423 1
424 1
428 1
429 1
437 2
445 1
451 1
452 1
453 1
454 1
455 1
457 1
459 2
462 1
463 1
465 2
466 1
468 2
469 2
470 1
475 1
487 1
488 1
489 2
493 1
497 1
504 1
505 1
507 1
510 2
512 1
513 1
516 1
519 1
525 1
528 1
533 1
536 1
538 2
544 1
548 1
550 2
560 1
563 1
568 1
578 1
586 1
591 1
594 1
597 1
611 1
613 2
614 1
618 1
627 1
636 1
637 1
638 1
646 1
647 1
648 1
651 1
656 1
670 1
671 2
696 1
697 1
715 1
724 1
727 2
728 1
731 1
736 1
738 1
754 1
755 1
763 1
767 1
772 1
813 1
817 1
819 1
822 1
831 1
833 1
848 1
851 1
866 1
867 1
871 1
897 1
898 1
905 1
924 1
963 1
981 1
1001 1
1004 2
1005 1
1011 1
1055 1
1060 1
1069 1
1092 1
1191 1
1198 1
1201 1
1261 1
1358 1
1601 1
1703 1
1744 1
1857 1
2145 1
2148 1
2408 1
2535 1
