0 14163
1 4506
2 4165
3 3702
4 3234
5 2862
6 2613
7 2352
8 2156
9 1930
10 1862
11 1651
12 1602
13 1441
14 1321
15 1261
16 1196
17 1098
18 1080
19 1065
20 974
21 929
22 840
23 773
24 764
25 672
26 691
27 677
28 613
29 550
30 563
31 559
32 520
33 508
34 481
35 430
36 439
37 381
38 409
39 385
40 362
41 335
42 337
43 320
44 324
45 315
46 287
47 254
48 272
49 270
50 248
51 250
52 232
53 201
54 205
55 222
56 219
57 220
58 185
59 174
60 159
61 170
62 162
63 159
64 163
65 145
66 150
67 148
68 120
69 141
70 126
71 124
72 121
73 104
74 114
75 128
76 106
77 101
78 97
79 95
80 100
81 93
82 93
83 83
84 81
85 70
86 92
87 72
88 82
89 69
90 69
91 65
92 60
93 65
94 70
95 61
96 70
97 62
98 69
99 56
100 57
101 51
102 58
103 58
104 58
105 49
106 73
107 40
108 46
109 53
110 46
111 35
112 44
113 31
114 37
115 46
116 38
117 37
118 44
119 35
120 24
121 46
122 35
123 38
124 23
125 34
126 31
127 40
128 40
129 30
130 35
131 33
132 29
133 31
134 28
135 28
136 25
137 28
138 33
139 15
140 22
141 23
142 36
143 27
144 26
145 24
146 23
147 21
148 31
149 27
150 32
151 15
152 29
153 22
154 21
155 20
156 25
157 19
158 20
159 19
160 23
161 21
162 24
163 20
164 21
165 19
166 22
167 23
168 25
169 24
170 17
171 20
172 20
173 15
174 27
175 21
176 20
177 13
178 19
179 12
180 15
181 20
182 20
183 17
184 22
185 13
186 19
187 15
188 18
189 18
190 14
191 10
192 26
193 10
194 14
195 15
196 13
197 16
198 19
199 13
200 14
201 10
202 23
203 19
204 11
205 15
206 6
207 18
208 12
209 21
210 12
211 8
212 16
213 12
214 15
215 7
216 8
217 13
218 9
219 10
220 8
221 23
222 12
223 12
224 13
225 16
226 7
227 14
228 7
229 17
230 14
231 21
232 7
233 8
234 3
235 8
236 11
237 13
238 8
239 6
240 8
241 9
242 9
243 7
244 5
245 11
246 10
247 9
248 15
249 12
250 8
251 9
252 10
253 9
254 6
255 8
256 9
257 7
258 10
259 6
260 6
261 12
262 3
263 4
264 9
265 8
266 12
267 5
268 12
269 4
270 6
271 8
272 12
273 11
274 7
275 4
276 1
277 5
278 5
279 2
280 6
281 8
282 11
283 7
284 4
285 8
286 5
287 10
288 3
289 7
290 1
291 9
292 2
293 1
294 4
295 6
296 7
297 3
298 3
299 9
300 4
301 7
302 3
303 6
304 6
305 11
306 3
307 3
308 6
309 4
310 5
311 3
312 5
313 4
315 6
316 1
318 7
319 6
320 5
321 4
322 5
323 1
324 1
325 4
326 4
327 5
328 5
329 2
330 3
331 5
332 2
333 4
334 6
335 3
336 5
337 3
338 7
339 1
340 3
341 2
342 3
343 3
344 5
345 5
346 4
347 2
348 2
349 2
351 2
352 1
353 1
354 2
355 3
356 2
357 5
358 1
359 1
361 2
362 2
363 3
364 1
365 6
366 5
367 4
368 1
369 7
370 2
371 3
372 4
373 3
374 3
375 3
376 6
377 3
378 4
379 1
380 3
381 6
382 4
383 1
384 1
385 1
386 4
387 4
388 3
389 1
390 3
391 6
392 3
393 2
394 1
395 3
396 2
397 4
398 1
400 3
401 2
402 3
403 2
404 1
405 1
406 2
407 1
408 1
409 2
410 1
411 2
412 1
413 1
414 2
415 1
416 2
417 1
418 3
419 3
420 3
421 2
422 1
424 2
425 3
426 2
427 3
430 1
431 1
432 2
433 1
434 3
435 2
436 1
437 2
438 1
439 1
440 1
441 2
442 4
443 4
444 4
445 3
446 2
447 2
448 2
449 1
450 2
451 1
452 1
453 1
454 1
456 4
458 1
460 2
461 1
462 3
463 1
464 1
465 2
466 1
467 3
468 1
471 2
472 2
475 5
476 1
477 2
478 1
480 1
481 2
484 1
486 2
487 1
488 5
489 2
491 2
492 2
494 2
495 4
496 1
498 1
500 1
501 4
502 3
503 1
505 1
506 3
510 4
511 4
513 1
515 1
516 2
517 2
520 4
521 2
522 1
523 4
524 1
525 1
526 2
527 1
530 1
533 1
534 1
536 1
537 2
540 1
542 1
543 1
544 2
545 1
546 1
548 1
551 1
552 2
553 3
554 1
555 2
557 1
558 1
559 2
560 2
562 2
563 1
565 1
566 1
567 2
568 2
570 2
571 1
572 1
573 2
574 3
575 3
578 1
580 1
582 2
584 2
585 1
586 3
587 2
588 1
589 1
590 2
594 1
595 1
597 1
599 2
601 1
604 1
605 1
608 2
609 2
610 1
612 1
614 1
615 1
616 1
617 1
619 1
620 1
623 1
624 1
625 1
631 3
634 2
637 2
639 3
641 1
648 1
654 1
656 1
659 1
660 2
661 1
663 1
666 1
669 1
670 2
671 2
673 1
674 1
675 1
676 1
679 1
682 1
683 1
687 1
688 1
690 1
692 1
693 1
695 1
697 2
701 1
703 1
704 1
705 1
706 1
708 2
713 1
715 1
716 2
719 1
721 1
722 1
724 2
729 1
730 1
731 1
733 2
735 1
739 2
741 1
743 1
745 1
749 2
750 1
751 1
752 1
760 1
761 1
762 1
763 1
766 1
768 1
771 1
776 1
782 1
786 2
789 1
792 2
793 1
794 3
795 1
798 1
806 1
815 1
816 1
820 2
824 1
828 1
829 1
831 1
833 3
835 1
844 1
847 1
848 1
853 1
857 2
865 2
871 1
875 1
878 1
879 1
884 1
888 1
895 1
905 1
913 1
915 1
916 1
921 1
923 2
930 1
931 1
934 1
938 1
943 1
944 1
945 2
947 2
953 1
956 1
957 1
961 1
967 1
972 2
975 1
976 1
982 1
983 1
986 1
992 1
995 1
996 1
1006 1
1018 1
1023 1
1025 1
1026 1
1028 1
1037 1
1043 1
1048 1
1053 1
1054 1
1059 1
1083 2
1092 1
1097 1
1103 1
1106 1
1122 1
1124 2
1132 1
1135 2
1139 1
1141 1
1142 1
1149 1
1154 1
1156 1
1166 1
1168 2
1170 1
1220 1
1244 1
1250 1
1263 1
1274 1
1307 1
1315 1
1335 1
1349 1
1360 1
1367 1
1389 1
1390 1
1398 1
1399 1
1417 1
1423 1
1433 1
1434 1
1437 1
1440 1
1449 1
1451 1
1465 1
1474 1
1485 1
1506 1
1536 1
1537 1
1574 1
1594 1
1613 1
1640 1
1680 1
1716 1
1725 1
1785 1
1798 1
1853 1
1960 1
1981 1
2002 1
2157 1
2214 1
2239 1
2372 1
2954 1
