0 7600
1 6195
2 4763
3 4128
4 3589
5 3338
6 3073
7 2796
8 2572
9 2450
10 2251
11 2075
12 1952
13 1856
14 1729
15 1657
16 1567
17 1449
18 1319
19 1260
20 1174
21 1070
22 1024
23 1014
24 922
25 918
26 800
27 813
28 748
29 721
30 671
31 614
32 628
33 572
34 506
35 487
36 475
37 442
38 464
39 394
40 385
41 388
42 348
43 352
44 285
45 278
46 286
47 294
48 250
49 258
50 246
51 206
52 204
53 217
54 186
55 172
56 192
57 160
58 175
59 160
60 124
61 123
62 130
63 117
64 117
65 126
66 128
67 84
68 97
69 117
70 117
71 88
72 98
73 84
74 71
75 81
76 87
77 74
78 71
79 77
80 66
81 68
82 74
83 55
84 65
85 57
86 53
87 57
88 48
89 48
90 52
91 51
92 34
93 46
94 42
95 35
96 32
97 27
98 44
99 31
100 28
101 29
102 32
103 28
104 32
105 21
106 24
107 33
108 20
109 20
110 26
111 18
112 21
113 18
114 24
115 12
116 21
117 20
118 14
119 15
120 17
121 15
122 17
123 9
124 6
125 8
126 14
127 17
128 16
129 13
130 10
131 8
132 12
133 7
134 11
135 11
136 15
137 12
138 10
139 10
140 13
141 13
142 10
143 7
144 9
145 9
146 18
147 4
148 14
149 10
150 9
151 9
152 13
153 4
154 4
155 8
156 5
157 9
158 7
159 9
160 6
161 9
162 10
163 7
164 9
165 7
166 5
167 4
168 10
169 7
170 6
171 6
172 5
173 6
174 6
175 5
176 4
177 4
178 5
179 4
180 4
181 4
182 3
183 4
184 3
185 8
186 3
187 2
188 5
189 2
190 4
191 4
192 9
193 4
194 5
195 6
196 4
197 3
198 2
199 2
200 2
201 2
202 3
203 1
204 1
205 4
206 2
207 1
208 4
209 2
210 4
212 4
213 3
214 2
215 3
216 3
217 1
218 1
219 4
220 2
221 1
222 1
223 1
224 2
225 2
226 1
229 2
233 1
234 1
235 4
236 1
237 1
239 3
240 1
241 2
244 1
245 3
247 2
249 1
253 1
255 3
258 2
259 1
262 1
263 1
267 1
270 2
272 1
277 1
285 1
288 1
293 2
300 1
301 1
305 1
348 1
361 1
373 1
388 1
433 1
452 1
456 1
483 1
