0 5122
1 6263
2 6073
3 5707
4 5132
5 4472
6 4054
7 3643
8 3149
9 2770
10 2537
11 2291
12 1953
13 1725
14 1558
15 1446
16 1316
17 1171
18 1109
19 1017
20 872
21 866
22 826
23 701
24 676
25 664
26 624
27 561
28 519
29 489
30 451
31 426
32 405
33 395
34 378
35 329
36 337
37 297
38 291
39 253
40 240
41 247
42 236
43 218
44 207
45 203
46 182
47 208
48 162
49 199
50 158
51 150
52 142
53 146
54 149
55 121
56 110
57 126
58 131
59 105
60 112
61 96
62 91
63 71
64 92
65 89
66 76
67 83
68 84
69 67
70 79
71 68
72 62
73 67
74 62
75 56
76 68
77 60
78 52
79 36
80 55
81 50
82 49
83 61
84 58
85 41
86 46
87 32
88 57
89 40
90 39
91 41
92 46
93 48
94 33
95 34
96 34
97 39
98 29
99 37
100 41
101 32
102 37
103 31
104 30
105 23
106 20
107 33
108 23
109 29
110 31
111 23
112 26
113 24
114 27
115 23
116 22
117 21
118 36
119 19
120 22
121 29
122 18
123 20
124 24
125 26
126 20
127 16
128 14
129 22
130 14
131 24
132 19
133 12
134 24
135 20
136 21
137 13
138 17
139 18
140 17
141 14
142 19
143 17
144 25
145 11
146 11
147 14
148 20
149 14
150 19
151 11
152 13
153 17
154 11
155 11
156 18
157 8
158 17
159 12
160 9
161 12
162 10
163 12
164 9
165 14
166 16
167 11
168 9
169 11
170 13
171 10
172 19
173 9
174 8
175 4
176 12
177 7
178 11
179 8
180 15
181 12
182 6
183 12
184 9
185 7
186 5
187 9
188 12
189 8
190 12
191 8
192 14
193 11
194 11
195 3
196 11
197 7
198 9
199 8
200 7
201 8
202 5
203 4
204 6
205 11
206 6
207 3
208 5
209 4
210 5
211 3
212 10
213 10
214 6
215 6
216 5
217 6
218 5
219 4
220 5
221 6
222 6
223 7
224 6
225 6
226 7
227 5
228 4
229 5
230 5
231 7
232 10
233 2
234 4
235 2
236 4
237 2
238 3
240 2
241 3
242 4
243 5
244 5
245 7
246 4
247 5
248 5
249 3
250 2
251 4
252 4
253 5
254 6
255 2
256 4
257 3
258 3
259 5
260 3
261 5
262 3
263 7
264 8
265 3
266 3
267 3
268 5
269 1
270 4
271 6
272 4
273 4
274 7
275 2
276 3
277 1
278 4
279 2
280 3
281 4
282 7
283 3
284 4
285 4
286 5
287 3
288 3
289 2
290 2
291 9
292 6
293 6
294 2
295 4
296 4
297 1
298 4
299 4
300 2
301 1
302 3
303 3
304 3
307 6
308 3
310 2
311 1
312 2
313 3
315 4
317 4
318 5
319 6
320 4
321 3
322 3
323 2
324 4
325 2
326 2
327 4
328 4
329 3
330 2
331 3
332 3
333 1
334 2
335 2
336 2
337 1
338 1
339 1
340 2
341 4
342 2
344 3
345 4
346 5
347 2
348 2
350 3
351 1
352 2
353 1
354 2
355 1
356 1
358 1
360 4
361 1
362 1
363 1
364 2
365 1
366 2
368 1
370 1
372 1
373 2
374 2
375 1
376 2
377 2
380 3
381 1
382 1
383 2
385 2
387 2
389 1
390 1
391 2
392 2
393 1
394 2
395 2
397 2
398 1
399 2
400 2
401 2
402 3
403 2
404 5
405 1
406 1
408 1
409 1
410 1
411 3
412 1
414 1
415 3
417 3
418 3
419 1
420 2
422 2
423 2
424 1
425 1
426 2
427 2
428 2
429 2
432 1
433 2
435 1
436 4
437 2
438 1
439 1
440 4
441 2
442 1
443 5
444 1
445 2
446 2
447 1
448 1
452 1
453 2
457 2
458 1
460 5
463 1
467 2
468 1
470 2
471 1
472 1
475 1
479 1
481 3
484 2
485 4
486 1
488 2
493 3
494 1
495 1
496 1
499 2
501 1
503 1
507 1
508 3
509 1
510 2
511 1
512 1
515 1
517 2
518 1
519 2
520 2
521 2
525 3
526 1
527 2
528 1
529 1
532 2
534 1
535 1
536 2
538 1
541 1
544 2
547 2
548 2
550 1
554 2
558 2
560 1
563 1
567 1
571 1
574 1
575 2
576 1
577 1
580 1
581 2
583 1
584 3
586 1
587 1
593 1
597 1
602 1
604 1
606 1
610 1
614 1
617 2
619 1
620 1
623 1
626 2
631 1
633 1
636 1
637 1
640 1
644 1
645 1
649 1
653 3
656 1
657 1
659 1
661 1
665 1
669 1
671 1
672 1
673 1
679 2
681 1
683 1
684 1
685 1
686 1
687 1
692 1
695 3
696 1
697 1
699 1
705 2
706 1
708 1
710 1
715 1
721 1
722 1
724 1
728 1
730 1
734 2
737 1
743 1
748 1
755 1
758 1
761 1
770 1
776 1
779 1
784 1
795 1
801 1
802 2
806 2
811 1
813 1
815 1
820 1
824 1
826 1
828 2
830 2
831 1
834 1
836 1
837 1
838 1
840 1
848 1
851 2
859 1
864 1
867 1
873 1
874 1
875 1
881 1
907 1
910 1
911 1
912 1
921 1
923 1
927 1
930 1
940 1
942 1
951 2
958 1
959 1
970 1
971 2
974 1
976 1
981 1
982 1
997 1
1005 1
1027 1
1041 1
1052 1
1053 1
1055 3
1066 1
1071 1
1073 1
1089 1
1101 2
1102 1
1127 2
1156 1
1162 1
1165 1
1178 1
1180 1
1199 1
1231 1
1245 1
1282 1
1301 1
1339 1
1351 1
1368 1
1396 1
1428 1
1429 1
1430 1
1444 1
1449 1
1450 1
1486 1
1500 1
1511 1
1520 1
1524 1
1549 1
1562 1
1582 1
1641 1
1680 1
1790 1
1826 1
2001 1
2015 1
2036 1
2110 1
2323 1
2369 1
2379 1
2675 1
3562 1
4246 1
4249 1
4814 1
