0 9098
1 7767
2 5458
3 4299
4 3520
5 2930
6 2643
7 2381
8 2157
9 1914
10 1795
11 1636
12 1567
13 1463
14 1309
15 1252
16 1254
17 1175
18 1085
19 1064
20 1002
21 908
22 901
23 838
24 757
25 751
26 718
27 728
28 652
29 649
30 591
31 604
32 594
33 527
34 525
35 484
36 499
37 485
38 433
39 446
40 395
41 403
42 396
43 353
44 344
45 291
46 338
47 294
48 292
49 265
50 276
51 258
52 242
53 227
54 244
55 219
56 208
57 203
58 199
59 189
60 209
61 183
62 161
63 178
64 166
65 169
66 172
67 178
68 142
69 148
70 145
71 138
72 117
73 114
74 115
75 121
76 117
77 126
78 107
79 107
80 111
81 116
82 95
83 103
84 102
85 75
86 81
87 83
88 77
89 70
90 64
91 74
92 67
93 71
94 73
95 75
96 68
97 63
98 55
99 72
100 58
101 58
102 52
103 57
104 41
105 52
106 39
107 47
108 32
109 41
110 39
111 41
112 47
113 42
114 38
115 37
116 45
117 39
118 25
119 29
120 39
121 32
122 29
123 22
124 20
125 25
126 26
127 19
128 31
129 20
130 27
131 37
132 25
133 18
134 22
135 22
136 29
137 23
138 24
139 17
140 26
141 20
142 22
143 21
144 12
145 17
146 27
147 14
148 11
149 13
150 16
151 18
152 14
153 23
154 22
155 14
156 23
157 16
158 12
159 13
160 11
161 14
162 10
163 21
164 21
165 7
166 19
167 9
168 11
169 7
170 11
171 12
172 10
173 6
174 12
175 11
176 7
177 9
178 6
179 4
180 11
181 10
182 10
183 12
184 5
185 4
186 8
187 2
188 4
189 11
190 5
191 9
192 2
193 8
194 3
195 5
196 10
197 6
198 5
199 7
200 2
201 5
202 3
203 5
204 3
205 10
206 6
207 3
208 2
209 4
210 3
211 5
212 5
213 3
214 5
215 1
216 6
217 3
218 4
219 3
220 4
221 3
222 3
223 3
224 2
225 5
226 4
227 2
228 6
229 7
231 1
232 1
234 3
235 3
236 3
237 1
238 3
239 5
240 1
241 1
242 1
244 1
245 2
246 1
249 3
250 3
251 1
253 3
254 1
256 2
259 1
260 4
261 1
262 3
263 1
265 3
267 3
268 1
269 1
271 1
272 1
274 1
275 2
278 2
279 1
282 1
283 2
284 2
286 2
287 1
288 1
294 1
295 1
296 2
298 1
299 1
311 1
313 1
316 1
322 2
324 1
328 1
333 1
336 2
338 1
339 1
345 1
347 1
348 1
351 1
365 1
381 1
384 1
387 1
400 1
405 1
446 1
472 1
479 2
512 1
522 1
