0 18800
1 9704
2 7117
3 5666
4 4476
5 3865
6 3217
7 2798
8 2381
9 2086
10 1872
11 1662
12 1510
13 1300
14 1150
15 1025
16 951
17 845
18 794
19 732
20 675
21 596
22 538
23 493
24 431
25 409
26 380
27 340
28 299
29 256
30 234
31 242
32 238
33 224
34 170
35 179
36 184
37 192
38 149
39 151
40 120
41 127
42 136
43 142
44 92
45 92
46 111
47 81
48 84
49 72
50 74
51 72
52 65
53 60
54 65
55 47
56 44
57 53
58 53
59 45
60 50
61 37
62 37
63 38
64 41
65 36
66 30
67 31
68 31
69 30
70 31
71 27
72 31
73 19
74 24
75 26
76 22
77 20
78 18
79 36
80 29
81 12
82 19
83 14
84 23
85 24
86 15
87 22
88 21
89 16
90 12
91 13
92 23
93 12
94 16
95 13
96 15
97 13
98 18
99 21
100 7
101 15
102 6
103 11
104 11
105 8
106 7
107 13
108 19
109 14
110 14
111 6
112 17
113 6
114 9
115 13
116 4
117 11
118 12
119 6
120 10
121 9
122 7
123 5
124 4
125 5
126 7
127 6
128 3
129 7
130 9
131 5
132 3
133 5
134 1
135 5
137 3
139 1
142 2
143 1
144 2
145 2
146 3
147 3
149 1
150 1
152 3
153 2
154 1
155 1
157 2
159 1
160 1
161 2
162 2
164 2
166 1
168 1
169 2
171 2
172 1
173 2
174 1
178 1
181 2
182 2
195 1
197 1
206 1
208 1
209 1
211 1
212 1
213 1
217 1
228 1
235 1
236 1
250 1
254 1
260 1
264 1
272 1
297 1
327 1
357 1
370 1
391 1
494 1
513 1
