0 5349
1 7413
2 6643
3 5700
4 4550
5 3800
6 3421
7 2791
8 2575
9 2226
10 1989
11 1854
12 1641
13 1463
14 1400
15 1345
16 1124
17 1079
18 1086
19 923
20 913
21 743
22 740
23 736
24 691
25 642
26 573
27 609
28 543
29 500
30 492
31 475
32 446
33 451
34 404
35 390
36 356
37 350
38 365
39 321
40 310
41 270
42 320
43 277
44 283
45 238
46 242
47 249
48 206
49 237
50 205
51 217
52 206
53 183
54 195
55 162
56 182
57 165
58 176
59 166
60 148
61 160
62 161
63 131
64 108
65 130
66 96
67 122
68 125
69 124
70 95
71 113
72 86
73 98
74 86
75 91
76 85
77 73
78 89
79 83
80 79
81 79
82 77
83 90
84 72
85 93
86 73
87 69
88 56
89 60
90 68
91 69
92 53
93 58
94 54
95 48
96 56
97 52
98 49
99 41
100 44
101 45
102 59
103 32
104 47
105 48
106 48
107 49
108 46
109 37
110 40
111 47
112 41
113 38
114 35
115 35
116 33
117 32
118 39
119 30
120 36
121 36
122 39
123 37
124 36
125 30
126 30
127 23
128 32
129 28
130 27
131 25
132 30
133 18
134 27
135 30
136 35
137 19
138 23
139 26
140 22
141 26
142 29
143 21
144 27
145 24
146 18
147 20
148 19
149 21
150 22
151 21
152 28
153 20
154 15
155 9
156 24
157 21
158 20
159 20
160 22
161 26
162 13
163 22
164 15
165 20
166 16
167 18
168 22
169 23
170 8
171 19
172 21
173 7
174 15
175 12
176 19
177 17
178 13
179 15
180 20
181 13
182 16
183 11
184 11
185 15
186 12
187 12
188 20
189 12
190 9
191 11
192 15
193 9
194 9
195 13
196 11
197 12
198 9
199 16
200 12
201 8
202 17
203 10
204 9
205 10
206 12
207 12
208 13
209 6
210 11
211 10
212 11
213 10
214 8
215 11
216 6
217 12
218 6
219 11
220 11
221 7
222 12
223 10
224 17
225 5
226 8
227 8
228 8
229 6
230 12
231 13
232 17
233 9
234 6
235 5
236 4
237 7
238 5
239 6
240 1
241 10
242 11
243 6
244 11
245 9
246 10
247 7
248 12
249 10
250 12
251 9
252 7
253 4
254 10
255 7
256 9
257 4
258 6
259 5
260 9
261 9
262 4
263 5
264 9
265 7
266 10
267 5
268 6
269 4
270 4
271 6
272 1
273 4
274 4
275 8
276 6
277 7
278 1
279 9
280 7
281 8
282 7
283 3
284 4
285 4
286 5
287 7
288 2
289 5
292 7
293 9
294 10
295 5
296 8
297 5
298 6
299 4
300 4
301 1
302 5
303 6
304 6
305 4
306 4
307 3
308 8
309 6
310 5
311 6
312 4
313 3
314 6
316 7
317 4
318 4
319 5
320 5
321 3
322 2
323 5
324 2
325 3
326 3
327 1
328 5
329 4
330 4
331 4
332 5
333 2
334 5
335 5
336 3
337 2
338 3
339 5
340 1
341 3
342 5
343 4
344 3
345 1
346 3
347 5
348 1
349 7
350 1
351 4
352 7
353 1
354 2
355 3
356 6
357 3
358 4
359 4
360 3
361 5
362 1
363 4
365 2
366 4
367 5
368 3
369 3
370 2
371 3
372 3
373 2
374 1
375 3
376 3
377 3
378 3
379 6
380 3
382 3
383 4
384 4
385 1
386 5
387 2
388 1
389 1
390 5
391 3
392 1
393 1
394 1
395 5
396 3
397 3
398 5
399 3
400 3
401 2
402 3
403 2
404 3
405 2
406 2
407 2
408 4
409 1
410 6
411 4
412 2
413 3
414 2
415 2
416 3
417 4
418 3
419 5
422 1
423 2
426 1
427 3
428 3
429 2
430 3
431 2
432 1
433 3
435 1
436 1
438 1
439 1
441 6
442 1
443 4
444 2
445 2
446 1
447 2
448 2
449 3
450 2
451 1
452 3
453 2
454 6
455 2
457 2
459 1
460 2
461 3
462 4
463 1
464 1
465 1
466 1
467 1
468 2
469 2
470 2
471 5
472 2
474 2
475 3
476 3
477 2
478 1
479 1
480 3
481 3
482 2
483 2
484 2
486 1
487 1
488 1
489 2
490 2
491 3
492 1
494 1
496 4
497 3
498 3
499 3
500 1
501 2
502 1
504 1
505 1
506 2
507 2
508 1
510 2
511 2
512 3
513 3
515 2
516 1
517 1
519 1
521 1
522 1
523 2
524 2
525 2
529 2
533 2
535 1
536 1
537 2
538 1
539 1
540 2
541 2
544 1
545 1
546 1
547 3
548 1
549 1
550 1
551 3
552 1
553 1
554 2
556 1
557 1
559 1
561 1
563 1
564 1
565 1
566 1
567 2
570 4
571 1
572 2
573 1
574 1
575 1
576 2
577 1
578 1
579 1
580 2
582 1
583 2
585 1
587 1
588 2
591 3
592 1
593 1
594 1
595 2
597 1
598 2
600 2
601 2
602 1
603 1
604 1
605 1
606 1
607 1
609 1
611 1
612 1
614 1
617 5
618 1
623 1
625 2
626 1
627 1
628 2
631 1
632 1
635 1
636 2
637 2
638 1
639 3
640 1
641 1
643 1
647 1
650 2
653 1
654 1
655 1
656 1
658 1
661 1
663 1
664 1
665 2
666 1
670 2
672 1
673 1
674 1
675 2
676 1
678 1
684 1
685 1
686 1
687 1
688 2
689 2
690 1
691 1
693 1
696 2
697 2
701 3
702 1
703 1
705 3
710 1
712 1
713 3
714 1
717 2
718 2
719 1
722 1
723 1
725 1
726 2
727 1
728 1
729 1
733 1
738 2
739 1
740 1
743 2
748 2
749 1
750 1
757 1
765 1
766 2
767 1
769 1
772 3
774 1
776 1
777 1
781 1
784 2
785 1
790 1
791 2
800 1
804 2
807 1
811 1
816 1
820 1
823 1
824 1
828 1
831 1
840 1
841 1
843 2
845 1
847 1
854 1
858 2
865 1
870 1
872 1
875 2
877 3
879 1
881 1
882 1
886 1
887 2
888 2
897 1
899 1
902 1
909 2
910 1
912 2
919 2
922 1
925 1
926 2
933 1
936 3
947 1
961 1
972 1
973 1
975 1
977 1
981 1
983 1
986 1
989 2
991 1
992 1
993 1
994 2
996 1
997 2
999 1
1001 1
1005 1
1007 1
1008 1
1014 3
1017 1
1044 1
1045 1
1047 1
1051 1
1052 1
1057 1
1060 1
1061 1
1068 1
1071 1
1077 1
1080 1
1082 1
1094 1
1102 1
1108 1
1110 1
1117 1
1129 1
1130 2
1131 1
1137 1
1141 1
1143 1
1147 1
1150 1
1152 1
1153 1
1154 1
1158 1
1159 1
1163 1
1164 1
1168 1
1176 1
1179 1
1185 1
1189 1
1191 1
1194 1
1199 1
1205 1
1209 1
1213 1
1221 1
1239 1
1247 1
1254 1
1258 1
1261 1
1267 1
1279 1
1281 1
1296 2
1309 1
1313 1
1314 1
1317 1
1322 1
1324 1
1329 1
1333 1
1339 1
1348 1
1349 1
1357 1
1379 1
1387 1
1392 1
1400 1
1402 1
1410 2
1412 2
1415 1
1424 1
1470 1
1480 1
1542 1
1546 1
1548 1
1556 1
1577 1
1579 1
1584 1
1618 1
1671 1
1680 1
1713 1
1722 2
1733 1
1773 1
1804 1
1815 1
1833 1
1840 1
1873 1
1882 1
1886 1
2015 1
2021 1
2045 1
2058 1
2083 1
2086 1
2138 1
2167 1
2203 1
2226 1
2228 1
2245 1
2257 1
2296 1
2345 1
2357 1
2422 1
2627 1
2683 1
2869 1
2876 1
2912 1
2945 1
3435 1
3778 1
4954 1
5180 1
5214 1
5446 1
