#
# Out-degree Distribution. G(78665, 2362970). 7625 (0.0969) nodes with out-deg > avg deg (60.1), 3406 (0.0433) with >2*avg.deg (Sun Apr 27 15:07:28 2014)
#
# Out-degree	Count
0	2704
1	7408
2	6633
3	5705
4	4535
5	3800
6	3419
7	2787
8	2571
9	2223
10	1988
11	1842
12	1656
13	1456
14	1385
15	1356
16	1121
17	1073
18	1087
19	920
20	908
21	746
22	749
23	733
24	682
25	632
26	595
27	603
28	541
29	500
30	478
31	492
32	430
33	435
34	423
35	388
36	353
37	360
38	362
39	320
40	314
41	277
42	291
43	287
44	297
45	241
46	235
47	254
48	215
49	216
50	218
51	205
52	220
53	182
54	184
55	172
56	171
57	168
58	159
59	170
60	165
61	157
62	160
63	127
64	129
65	122
66	104
67	119
68	119
69	116
70	109
71	94
72	94
73	103
74	92
75	97
76	76
77	77
78	83
79	89
80	73
81	86
82	67
83	90
84	72
85	87
86	85
87	63
88	64
89	48
90	67
91	61
92	79
93	55
94	66
95	46
96	47
97	49
98	52
99	49
100	40
101	39
102	42
103	53
104	44
105	43
106	35
107	55
108	45
109	42
110	52
111	41
112	47
113	40
114	36
115	35
116	32
117	29
118	33
119	29
120	34
121	41
122	36
123	42
124	32
125	31
126	36
127	29
128	24
129	35
130	27
131	22
132	29
133	17
134	22
135	29
136	29
137	23
138	22
139	25
140	23
141	21
142	26
143	29
144	29
145	26
146	17
147	25
148	24
149	13
150	17
151	21
152	22
153	18
154	20
155	26
156	18
157	21
158	18
159	24
160	18
161	22
162	14
163	14
164	14
165	28
166	16
167	23
168	23
169	18
170	11
171	21
172	15
173	10
174	22
175	17
176	21
177	14
178	7
179	17
180	12
181	15
182	13
183	16
184	9
185	16
186	11
187	13
188	15
189	16
190	23
191	12
192	11
193	13
194	6
195	6
196	16
197	7
198	13
199	12
200	10
201	14
202	8
203	13
204	11
205	9
206	13
207	12
208	11
209	10
210	9
211	14
212	9
213	12
214	11
215	10
216	8
217	7
218	10
219	6
220	16
221	10
222	9
223	14
224	7
225	6
226	9
227	10
228	11
229	7
230	4
231	6
232	8
233	8
234	8
235	10
236	6
237	7
238	8
239	7
240	8
241	9
242	12
243	8
244	13
245	8
246	2
247	9
248	10
249	9
250	5
251	12
252	16
253	3
254	6
255	9
256	10
257	7
258	7
259	7
260	8
261	4
262	4
263	9
264	8
265	10
266	7
267	4
268	3
269	6
270	10
271	6
272	7
273	4
274	3
275	3
276	6
277	6
278	4
279	5
280	5
281	5
282	5
283	7
284	2
285	5
286	6
287	10
288	6
289	7
290	4
291	4
292	4
293	3
294	7
295	3
296	9
297	6
298	5
299	7
300	3
301	5
302	2
303	4
304	3
305	6
306	5
307	2
308	4
309	8
310	8
311	8
312	7
313	5
314	4
315	2
316	8
317	5
318	5
319	5
320	1
321	3
322	4
323	3
324	3
325	4
326	3
327	4
328	5
329	3
330	3
331	4
332	2
333	3
334	5
335	4
336	3
338	3
339	4
340	5
341	5
342	4
343	6
344	5
345	2
346	2
347	2
348	3
349	4
350	2
351	5
352	5
353	1
354	2
355	5
356	1
357	6
358	3
359	3
360	4
361	6
362	2
363	3
364	4
365	3
366	5
367	1
368	1
369	4
370	3
371	3
372	2
373	3
374	1
375	3
376	2
377	3
378	1
379	3
380	4
381	3
382	3
383	3
384	2
385	2
386	3
387	1
388	3
389	1
390	2
391	1
392	2
393	3
394	1
395	4
396	3
397	4
398	1
399	2
400	4
401	3
402	4
404	3
405	1
406	3
407	4
409	2
410	4
411	5
412	1
413	3
414	4
415	3
417	2
418	4
419	3
420	6
421	1
422	4
423	1
424	1
425	1
426	2
427	3
428	3
429	3
430	3
431	2
432	1
433	3
434	3
435	3
437	1
439	1
440	6
441	3
442	1
443	2
444	2
445	1
446	2
449	4
450	4
452	2
454	3
455	2
456	1
457	1
458	1
459	3
460	3
461	1
462	4
463	3
464	5
466	4
469	2
470	2
471	2
472	2
473	2
474	2
476	2
477	1
478	2
479	1
480	1
481	1
482	3
483	4
486	1
487	1
488	2
489	2
490	3
491	1
492	2
493	1
494	2
495	3
496	3
497	3
499	2
500	2
501	1
502	2
504	1
505	1
507	1
508	2
509	4
510	3
511	2
512	1
513	3
514	2
517	4
519	1
520	1
521	1
522	3
523	2
524	2
525	3
526	3
527	3
528	3
531	2
533	3
534	2
535	1
538	1
539	3
541	3
543	2
544	2
545	1
546	3
547	1
548	3
550	1
553	1
559	1
560	1
564	3
565	2
569	2
570	2
571	2
575	3
576	1
579	1
580	1
581	1
584	1
586	1
589	2
592	3
594	1
595	1
596	1
597	2
598	1
599	1
601	2
603	3
604	1
605	2
608	3
609	2
611	1
612	1
613	4
614	1
615	2
616	1
617	1
619	2
621	2
623	2
625	2
626	1
627	1
631	1
632	1
634	1
635	1
637	1
641	1
643	2
645	1
646	2
647	1
648	1
649	2
650	1
652	1
654	3
656	1
658	1
659	2
662	1
663	1
664	1
665	1
669	1
670	3
671	1
673	2
678	1
679	2
681	1
683	1
686	1
690	1
692	2
693	1
696	3
697	1
700	1
702	2
704	1
706	2
709	2
710	1
711	1
712	2
713	1
714	2
717	1
724	1
728	1
731	1
732	1
733	2
735	3
738	1
739	1
740	1
742	1
743	2
744	2
746	2
748	1
749	1
754	1
758	3
762	1
763	3
764	1
765	1
767	1
768	1
769	1
772	1
773	1
776	1
777	1
778	1
780	1
781	1
782	2
783	1
785	1
788	1
790	1
792	1
800	2
802	1
804	2
805	2
807	1
813	1
814	1
815	1
816	2
828	2
830	1
834	1
835	1
838	2
841	1
844	1
846	1
851	1
852	1
853	2
864	1
866	1
868	2
870	1
885	1
886	1
888	1
891	1
895	2
901	1
904	1
905	1
908	1
909	1
911	1
914	1
925	1
928	1
933	2
946	1
947	1
950	1
955	1
957	1
958	2
959	1
962	1
966	1
969	1
970	1
975	1
977	1
982	1
992	1
994	1
998	2
999	1
1000	1
1009	2
1020	1
1024	2
1027	2
1028	1
1031	1
1033	2
1035	1
1036	1
1037	1
1059	1
1061	1
1065	1
1066	1
1067	1
1068	1
1071	1
1081	1
1083	1
1093	2
1095	1
1096	3
1099	1
1116	2
1119	1
1122	1
1129	1
1130	3
1135	1
1137	1
1144	1
1145	1
1148	1
1161	1
1170	1
1174	1
1193	2
1197	1
1202	1
1209	1
1211	1
1214	1
1215	1
1224	1
1228	1
1230	1
1233	1
1237	1
1244	1
1247	1
1251	1
1254	1
1258	2
1262	1
1265	1
1266	1
1278	1
1280	1
1283	1
1287	1
1291	1
1297	1
1299	1
1301	2
1308	1
1311	1
1315	1
1350	1
1351	1
1352	1
1357	1
1365	1
1370	1
1372	1
1374	1
1378	1
1388	1
1394	1
1423	1
1434	1
1435	1
1436	1
1440	1
1444	1
1451	1
1453	1
1454	1
1459	1
1475	1
1481	1
1501	1
1503	2
1513	1
1517	1
1518	1
1552	1
1570	1
1573	1
1578	1
1579	1
1600	1
1627	1
1640	1
1661	1
1672	1
1699	1
1770	1
1813	1
1836	1
1889	1
1893	1
1894	1
1895	1
1896	1
1898	1
1941	1
1994	1
1997	1
2009	1
2059	1
2070	1
2121	1
2122	1
2135	1
2198	1
2205	1
2206	1
2257	1
2272	1
2293	1
2316	1
2347	1
2407	1
2445	1
2492	1
2522	1
2533	1
2605	1
2723	1
2742	1
2855	1
3056	1
3172	1
3183	1
3300	1
3305	1
3627	1
3981	1
5799	1
5845	1
5872	1
6447	1
