0 18234
1 8583
2 6230
3 4911
4 4106
5 3617
6 3065
7 2595
8 2370
9 2105
10 1826
11 1614
12 1515
13 1339
14 1274
15 1182
16 1015
17 934
18 842
19 775
20 738
21 651
22 656
23 564
24 538
25 507
26 490
27 463
28 384
29 393
30 341
31 346
32 347
33 286
34 291
35 265
36 250
37 242
38 215
39 241
40 198
41 182
42 190
43 158
44 159
45 144
46 147
47 144
48 119
49 123
50 117
51 106
52 105
53 113
54 110
55 91
56 95
57 85
58 74
59 77
60 81
61 69
62 70
63 76
64 61
65 56
66 61
67 50
68 60
69 45
70 48
71 39
72 42
73 35
74 43
75 35
76 36
77 31
78 45
79 26
80 34
81 33
82 32
83 25
84 27
85 31
86 25
87 38
88 26
89 22
90 26
91 30
92 24
93 18
94 28
95 18
96 11
97 18
98 18
99 15
100 20
101 20
102 21
103 19
104 14
105 15
106 16
107 12
108 10
109 12
110 13
111 17
112 11
113 8
114 10
115 13
116 16
117 6
118 10
119 7
120 7
121 6
122 7
123 9
124 9
125 9
126 9
127 7
128 10
129 6
130 7
131 8
132 12
133 7
134 9
135 7
136 3
137 5
138 8
139 13
140 7
141 13
142 4
143 9
144 11
145 5
146 3
147 10
148 4
149 6
150 4
151 6
152 6
153 4
154 5
155 6
156 3
157 4
158 5
159 6
160 7
161 8
162 8
163 7
164 2
165 7
166 8
167 6
168 1
169 4
170 7
171 6
172 5
173 4
174 8
175 2
176 3
177 3
178 4
179 6
180 9
181 3
182 6
183 8
184 4
185 9
186 5
187 5
188 5
189 6
190 5
191 7
192 5
193 3
194 5
195 5
196 3
197 6
198 3
199 2
200 3
201 2
202 2
203 4
204 5
205 3
206 6
207 2
208 4
209 5
210 4
211 4
212 3
213 4
214 7
215 1
216 6
217 2
218 5
219 3
220 4
221 7
222 4
223 2
224 2
225 1
226 5
227 2
228 5
229 4
230 2
231 3
232 1
234 5
235 2
236 2
238 3
239 3
240 2
241 1
242 3
243 1
246 2
247 1
249 3
255 1
265 1
269 1
280 2
289 1
290 1
300 1
314 1
324 1
364 1
370 1
373 1
375 1
480 1
486 1
585 1
588 1
