0 19400
1 9524
2 6683
3 5182
4 4045
5 3417
6 2937
7 2475
8 2139
9 1881
10 1664
11 1543
12 1382
13 1237
14 1118
15 997
16 976
17 863
18 805
19 815
20 657
21 603
22 518
23 539
24 474
25 460
26 409
27 411
28 369
29 337
30 351
31 321
32 307
33 275
34 258
35 262
36 264
37 220
38 198
39 196
40 165
41 163
42 167
43 180
44 171
45 142
46 164
47 138
48 124
49 94
50 129
51 100
52 120
53 106
54 101
55 95
56 82
57 99
58 89
59 84
60 93
61 65
62 66
63 80
64 58
65 68
66 64
67 52
68 43
69 45
70 56
71 53
72 44
73 44
74 43
75 35
76 30
77 35
78 30
79 48
80 35
81 26
82 35
83 43
84 28
85 33
86 35
87 19
88 23
89 24
90 27
91 23
92 21
93 20
94 15
95 25
96 20
97 21
98 9
99 18
100 17
101 16
102 13
103 17
104 16
105 14
106 14
107 9
108 10
109 17
110 13
111 17
112 12
113 10
114 9
115 15
116 17
117 6
118 9
119 11
120 10
121 7
122 14
123 8
124 7
125 10
126 5
127 8
128 11
129 4
130 13
131 10
132 5
133 8
134 8
135 8
136 9
137 4
138 11
139 2
140 7
141 3
142 10
143 5
144 5
145 11
146 7
147 5
148 4
149 5
150 4
151 5
152 3
153 3
154 2
155 4
156 5
157 1
158 4
159 4
160 4
161 3
162 4
163 3
164 3
165 8
166 2
167 4
168 5
169 4
170 5
171 2
172 1
173 1
174 4
175 3
176 2
177 6
178 2
179 3
181 1
182 3
183 1
185 5
186 2
188 2
189 1
190 1
191 6
194 2
195 3
196 2
197 2
198 1
201 1
202 2
203 1
204 1
205 1
206 2
207 2
208 2
210 3
212 2
213 1
214 1
216 1
217 1
219 1
220 2
222 4
226 4
228 1
229 1
230 1
231 1
232 2
233 2
235 2
236 2
238 2
239 1
241 2
242 3
245 1
246 1
249 1
254 1
261 1
264 1
266 2
267 1
268 1
269 1
274 2
280 1
282 1
283 1
287 1
289 1
290 1
291 1
292 1
294 1
295 1
300 2
301 1
303 1
311 1
313 1
317 1
328 1
332 1
336 1
338 1
346 1
349 1
353 1
363 2
370 1
384 1
389 1
396 1
409 1
413 1
430 1
444 1
450 2
515 1
536 1
540 1
573 1
617 1
694 1
747 1
