#
# Clustering Coefficient Distribution. G(78665, 2362970). Average clustering: 0.0578  OpenTriads: 1276352004 (0.9873)  ClosedTriads: 16467712 (0.0127) (Sun Apr 27 15:07:28 2014)
#
# Node degree	Average clustering coefficient
1	0
2	0.0534141
3	0.0560814
4	0.0570278
5	0.0579781
6	0.0629615
7	0.0629985
8	0.0602953
9	0.0633399
10	0.0632515
11	0.0629468
12	0.0590692
13	0.0624185
14	0.0617697
15	0.0631628
16	0.0630701
17	0.0658272
18	0.061446
19	0.0635584
20	0.0645038
21	0.062868
22	0.0639432
23	0.0614522
24	0.0624362
25	0.0656329
26	0.0643281
27	0.0624411
28	0.0612511
29	0.0624733
30	0.0635677
31	0.0620475
32	0.0641991
33	0.0631542
34	0.0638581
35	0.0616463
36	0.0632569
37	0.0613691
38	0.0622124
39	0.0610672
40	0.0627732
41	0.0621553
42	0.0622906
43	0.0607292
44	0.0631876
45	0.0601716
46	0.0620739
47	0.0632478
48	0.0636101
49	0.06371
50	0.0615306
51	0.0634637
52	0.0620716
53	0.0605755
54	0.0601655
55	0.062959
56	0.0616885
57	0.0627006
58	0.0643217
59	0.0622207
60	0.0630398
61	0.0642596
62	0.06062
63	0.0625042
64	0.0632195
65	0.0621934
66	0.0641004
67	0.0616182
68	0.0594088
69	0.06153
70	0.0631915
71	0.0605877
72	0.0619747
73	0.0584669
74	0.0632949
75	0.0616765
76	0.061232
77	0.0596743
78	0.0606471
79	0.0591391
80	0.0599923
81	0.0606185
82	0.0620884
83	0.0605465
84	0.0615535
85	0.0610068
86	0.0633623
87	0.0612393
88	0.0631397
89	0.0615791
90	0.0610325
91	0.0635199
92	0.0617139
93	0.0595944
94	0.0622605
95	0.0570517
96	0.0642567
97	0.0606908
98	0.0618366
99	0.0608167
100	0.0599008
101	0.0619666
102	0.0602502
103	0.0593081
104	0.0591288
105	0.059355
106	0.0595783
107	0.0590606
108	0.057995
109	0.0591312
110	0.0589402
111	0.0631334
112	0.059049
113	0.0625659
114	0.0581805
115	0.0591116
116	0.0613651
117	0.0583026
118	0.0606259
119	0.0602684
120	0.0577124
121	0.0605041
122	0.058463
123	0.0599189
124	0.0595403
125	0.0618345
126	0.062609
127	0.0602685
128	0.0625467
129	0.0603399
130	0.0612763
131	0.0596171
132	0.058742
133	0.0623527
134	0.0575939
135	0.0626614
136	0.0563879
137	0.0621706
138	0.0611108
139	0.0619429
140	0.0589821
141	0.0596774
142	0.0565911
143	0.0592082
144	0.060369
145	0.0591731
146	0.060246
147	0.0578078
148	0.0591393
149	0.059598
150	0.061166
151	0.0595985
152	0.0578671
153	0.0578677
154	0.0592282
155	0.0574317
156	0.0604459
157	0.0611065
158	0.057827
159	0.0562579
160	0.0587855
161	0.061632
162	0.0603846
163	0.0561505
164	0.0579038
165	0.0615568
166	0.0598389
167	0.0590175
168	0.0591689
169	0.0622065
170	0.0637673
171	0.0613586
172	0.0584656
173	0.0596556
174	0.0642433
175	0.0562593
176	0.0568433
177	0.0602015
178	0.0600695
179	0.0587324
180	0.0612844
181	0.0602968
182	0.0626418
183	0.0571459
184	0.0590243
185	0.0581604
186	0.0630509
187	0.0615051
188	0.057477
189	0.0549853
190	0.0567713
191	0.0648396
192	0.0570619
193	0.0594806
194	0.0569883
195	0.0597214
196	0.0555711
197	0.05929
198	0.061317
199	0.0592279
200	0.0545987
201	0.0607644
202	0.0565999
203	0.0596464
204	0.0633068
205	0.0544603
206	0.0611208
207	0.0592618
208	0.0606109
209	0.0582175
210	0.0585189
211	0.0547036
212	0.0636995
213	0.0568748
214	0.0587494
215	0.0595124
216	0.0607269
217	0.0554236
218	0.0564138
219	0.060168
220	0.0586346
221	0.0614894
222	0.0552491
223	0.0593795
224	0.0622136
225	0.0577191
226	0.0602655
227	0.0589174
228	0.0583175
229	0.0575731
230	0.0572422
231	0.0563078
232	0.06025
233	0.0585167
234	0.0575465
235	0.0535119
236	0.0623699
237	0.0580599
238	0.0587679
239	0.0560654
240	0.0631879
241	0.0616601
242	0.058061
243	0.0575579
244	0.0557228
245	0.0604227
246	0.0547965
247	0.0565284
248	0.0607051
249	0.0611882
250	0.0592813
251	0.0553538
252	0.0592726
253	0.0606868
254	0.0532611
255	0.0580921
256	0.0597706
257	0.05643
258	0.0597335
259	0.0568566
260	0.0571609
261	0.0606004
262	0.0570946
263	0.056976
264	0.0581925
265	0.0577334
266	0.0583694
267	0.0564633
268	0.0568366
269	0.0591025
270	0.0529278
271	0.0574524
272	0.0582691
273	0.0552191
274	0.0569125
275	0.0540232
276	0.0589029
277	0.0541837
278	0.0572769
279	0.0552349
280	0.0558976
281	0.0519813
282	0.0563029
283	0.0597339
284	0.0590321
285	0.0546204
286	0.0516421
287	0.0585758
288	0.058576
289	0.0585419
290	0.0596405
291	0.0568021
292	0.0571118
293	0.0578511
294	0.0580159
295	0.0537028
296	0.0554598
297	0.0563742
298	0.0596477
299	0.0511282
300	0.0541628
301	0.0503559
302	0.0546946
303	0.0555713
304	0.0583762
305	0.0586941
306	0.0599462
307	0.0598996
308	0.055494
309	0.0637782
310	0.0538237
311	0.0536297
312	0.056444
313	0.0516159
314	0.0513613
315	0.0574632
316	0.058517
317	0.05671
318	0.0558057
319	0.0571935
320	0.0530362
321	0.0538944
322	0.0528441
323	0.0537034
324	0.0603105
325	0.0546981
326	0.0550727
327	0.0515726
328	0.0559658
329	0.0574341
330	0.0559449
331	0.0546897
332	0.0551042
333	0.0537448
334	0.0561144
335	0.0543164
336	0.0524525
337	0.0568685
338	0.0494307
339	0.054294
340	0.0583992
341	0.0514397
342	0.0538317
343	0.0512905
344	0.0630232
345	0.0560866
346	0.05017
347	0.0552842
348	0.0520816
349	0.0560835
350	0.0508343
351	0.0541312
352	0.0526122
353	0.0526563
354	0.0550203
355	0.0562636
356	0.0562522
357	0.0568788
358	0.0586343
359	0.0521073
360	0.0579554
361	0.0533999
362	0.0544013
363	0.0575612
364	0.0574627
365	0.0609169
366	0.0492391
367	0.0568779
368	0.053148
369	0.0566864
370	0.0560938
371	0.0552507
372	0.0587462
373	0.0536156
374	0.0552955
375	0.0540101
376	0.0491475
377	0.0545969
378	0.0566004
379	0.0498823
380	0.0579398
381	0.0514098
382	0.0565284
383	0.0537836
384	0.0635897
385	0.0523897
386	0.0528231
387	0.0536118
388	0.0533893
389	0.0548545
390	0.0511282
391	0.0518769
392	0.0527589
393	0.0528319
394	0.0501789
395	0.056531
396	0.0545077
397	0.0542162
398	0.0564101
399	0.0589784
400	0.0524508
401	0.0543865
402	0.0544646
403	0.0597595
404	0.048277
405	0.055007
406	0.0579769
407	0.0520854
408	0.0552679
409	0.0560152
410	0.0558802
411	0.0501368
412	0.059622
413	0.0525221
414	0.0524518
415	0.0544658
416	0.053815
417	0.0530184
418	0.0526222
419	0.0567991
420	0.0492103
421	0.0526444
422	0.0549598
423	0.054505
424	0.0540542
425	0.0547925
426	0.0520398
427	0.0534009
428	0.05361
429	0.0536216
430	0.0564631
431	0.051757
432	0.0546719
433	0.0579601
434	0.060445
435	0.0527949
436	0.0548265
437	0.0549951
438	0.0454187
439	0.05551
440	0.0501127
441	0.0549672
442	0.0584841
443	0.0500371
444	0.0495503
445	0.0595247
446	0.049755
447	0.0527013
448	0.0530328
449	0.056758
450	0.0520492
451	0.0555493
452	0.0506235
453	0.0516219
454	0.0507174
455	0.0505841
456	0.0577355
457	0.0516052
458	0.0552753
459	0.0491875
460	0.0554661
461	0.0510689
462	0.0505026
463	0.0538434
464	0.0508225
465	0.0590577
466	0.0578516
467	0.0542204
468	0.053535
469	0.0476809
470	0.0570034
471	0.0525662
472	0.0490433
473	0.0533373
474	0.05252
475	0.0497666
476	0.0495661
477	0.0523868
478	0.0526866
479	0.0483221
480	0.0550848
481	0.0519615
482	0.0509253
483	0.0512065
484	0.055342
485	0.0509799
486	0.0495076
488	0.0547582
489	0.0555597
490	0.0525052
491	0.0534439
492	0.0545446
493	0.0525998
494	0.0573602
495	0.0532944
496	0.0482525
497	0.0480997
498	0.0521155
499	0.0499874
500	0.0501696
501	0.0563514
502	0.050517
503	0.0541813
504	0.0512987
505	0.0528609
506	0.0521983
508	0.0517395
509	0.0518964
510	0.0548533
511	0.0547208
512	0.0523139
513	0.0512231
514	0.0543862
515	0.0533415
516	0.051308
517	0.0543989
518	0.0541526
519	0.056288
520	0.0549875
521	0.0527113
522	0.058281
523	0.0517188
524	0.060842
525	0.0536306
526	0.0502134
527	0.0529905
528	0.0485237
529	0.0472285
530	0.0532375
531	0.0484753
532	0.0523511
533	0.0503183
534	0.0510264
535	0.0526499
536	0.0458378
537	0.0546285
538	0.0494952
539	0.0513675
540	0.0571381
541	0.0558815
542	0.0499201
543	0.0532876
544	0.0454347
545	0.0512407
546	0.0509666
547	0.0531764
548	0.0512859
549	0.0515347
550	0.0543531
551	0.053446
552	0.0505366
553	0.0555857
554	0.0505068
555	0.053637
556	0.0505885
557	0.0514402
558	0.0528073
559	0.0506256
560	0.0517569
561	0.0513405
562	0.0519224
563	0.0528367
564	0.0474807
565	0.056092
566	0.0470729
567	0.050227
568	0.0495868
569	0.0515549
570	0.0497725
571	0.0522959
572	0.062213
573	0.0524181
574	0.0519269
575	0.0521103
576	0.0523549
577	0.0534433
578	0.0513039
579	0.0556975
580	0.0496356
581	0.0478668
582	0.0503959
583	0.0559645
584	0.0493617
585	0.0518263
586	0.0540683
587	0.0478672
588	0.0403966
589	0.0517506
591	0.0506318
592	0.0527842
593	0.0529346
594	0.0412059
595	0.0477469
596	0.0464586
597	0.0540842
598	0.0456281
599	0.0497637
600	0.0513241
601	0.0483471
602	0.0525402
603	0.0563697
604	0.0447758
605	0.049183
606	0.0468382
607	0.0525607
609	0.0530012
610	0.0395568
611	0.0575208
612	0.0528269
613	0.0497931
614	0.0501258
615	0.0513489
616	0.0454944
617	0.0462083
619	0.0492012
620	0.0575126
621	0.0459187
622	0.0505656
623	0.0452915
625	0.0481047
626	0.0516215
627	0.0458745
628	0.0498802
630	0.0482455
631	0.0482035
632	0.0473017
633	0.0489696
634	0.0550708
635	0.0477892
636	0.0509743
637	0.0472581
638	0.0474588
639	0.0551621
640	0.0482329
642	0.0504035
644	0.0413492
645	0.0477323
647	0.0474433
648	0.0500243
649	0.0474046
650	0.0531199
651	0.0457531
652	0.0466069
653	0.0513521
655	0.0572884
656	0.0490589
658	0.0509996
659	0.0510007
660	0.0405021
661	0.0407791
662	0.0533058
663	0.0486281
666	0.0468511
667	0.0501908
668	0.0499196
669	0.0486913
670	0.0471841
673	0.0483276
674	0.0559879
675	0.0528625
676	0.0458872
677	0.0506777
678	0.052742
679	0.0495985
680	0.0544141
681	0.0518549
682	0.0541817
683	0.0495838
684	0.0507016
685	0.0479739
686	0.0495219
687	0.0521547
688	0.0436717
689	0.0442019
690	0.0494496
691	0.046081
692	0.0524544
693	0.0499296
697	0.0514092
699	0.0505685
700	0.0479041
702	0.055128
704	0.0480263
705	0.0515547
709	0.0504773
710	0.0491423
711	0.0528292
712	0.0495223
713	0.0468739
714	0.0468643
715	0.0525053
716	0.0465277
717	0.0530054
720	0.0505708
722	0.0491932
723	0.0478661
724	0.0619784
726	0.0527876
727	0.0444546
729	0.0482878
730	0.0479906
731	0.0578245
732	0.0501258
733	0.0540627
734	0.0515152
736	0.0478002
737	0.0483233
739	0.0437285
740	0.0429112
741	0.0428066
742	0.0496505
743	0.0482861
745	0.0589097
746	0.0478661
749	0.051393
750	0.0503524
753	0.0501252
754	0.0486857
755	0.0453162
756	0.0486659
757	0.0454818
762	0.0472802
763	0.0512234
764	0.0444543
766	0.0492853
767	0.0505037
768	0.0523586
769	0.044783
770	0.0503779
771	0.0453368
772	0.0440811
773	0.0436399
775	0.0483264
776	0.0446381
777	0.0497596
778	0.0508144
779	0.0463095
780	0.0469968
782	0.0512336
783	0.0491137
784	0.0479581
786	0.0424742
788	0.0456221
789	0.0412038
790	0.0504867
792	0.0458431
793	0.0497398
796	0.0477845
797	0.0483063
800	0.0458609
801	0.0471495
802	0.0483514
803	0.0458524
807	0.0495617
809	0.0479984
811	0.052919
813	0.0402776
814	0.0458927
815	0.0518487
816	0.0500541
817	0.0459072
818	0.049212
821	0.04453
823	0.04514
824	0.0450287
825	0.0469853
829	0.0484842
830	0.0464898
831	0.0472107
833	0.0445687
834	0.0483505
837	0.0433424
838	0.0442455
840	0.0524382
841	0.0456153
843	0.0385459
844	0.051011
847	0.0451263
848	0.0534858
849	0.0439114
850	0.0503397
851	0.0499251
852	0.047258
854	0.0439639
855	0.0449126
856	0.0476586
857	0.0471268
858	0.0416705
859	0.0478355
860	0.0461814
861	0.0430284
863	0.0471864
865	0.0455091
866	0.0475257
868	0.0479044
869	0.051884
870	0.0458222
872	0.04896
873	0.0457982
876	0.0486287
879	0.0438976
880	0.0477428
881	0.0457203
882	0.0539787
884	0.0458913
888	0.0495246
890	0.047581
891	0.048913
892	0.0428565
894	0.0444765
904	0.0460257
905	0.0419585
906	0.0454364
907	0.0419908
908	0.0451949
909	0.049382
910	0.0462326
912	0.047035
914	0.043067
915	0.0469286
916	0.0455565
917	0.0458917
918	0.0445979
919	0.0476575
920	0.0482622
923	0.041588
926	0.038476
929	0.0479961
931	0.0485688
933	0.0449744
935	0.0384076
936	0.0462626
937	0.0452375
939	0.047754
940	0.04965
942	0.0450631
945	0.0494638
949	0.0432405
950	0.0468802
952	0.0460823
953	0.0401033
954	0.0484886
955	0.0434316
958	0.0458092
960	0.0472686
964	0.046138
965	0.0461176
966	0.0429449
967	0.0455037
980	0.0497437
981	0.0463748
982	0.0445611
983	0.0427997
984	0.0435794
985	0.0441576
987	0.041514
990	0.0459757
991	0.0442622
992	0.0445273
996	0.0459934
999	0.042425
1002	0.0432623
1006	0.0496301
1008	0.0442865
1009	0.0434109
1010	0.0490316
1011	0.0454129
1012	0.0453411
1013	0.0424865
1015	0.043712
1020	0.047614
1022	0.0466203
1024	0.0473218
1025	0.0464894
1026	0.0475483
1029	0.0398344
1030	0.0396384
1031	0.0463966
1035	0.0452278
1036	0.0443984
1037	0.0437101
1038	0.044292
1040	0.0430109
1044	0.04209
1046	0.04787
1048	0.0466817
1049	0.0430201
1052	0.0441013
1055	0.044301
1059	0.046769
1060	0.0459933
1061	0.0463888
1062	0.0391976
1064	0.0383747
1065	0.0400908
1067	0.0420393
1069	0.0447462
1070	0.0442452
1074	0.0499477
1075	0.0471089
1077	0.0455433
1079	0.0385084
1083	0.0423559
1084	0.0441624
1085	0.0442504
1088	0.0433962
1090	0.0422333
1091	0.0405205
1101	0.0401766
1102	0.0443994
1103	0.0400706
1106	0.0433111
1107	0.0483286
1109	0.046377
1110	0.044961
1113	0.0368187
1116	0.0414712
1117	0.0468348
1118	0.0413366
1125	0.0468675
1126	0.0492172
1129	0.043677
1130	0.0422233
1133	0.0481271
1139	0.0452077
1140	0.0407944
1141	0.0447803
1142	0.0410044
1147	0.0443288
1153	0.0460496
1159	0.040139
1161	0.039808
1165	0.0408751
1175	0.0465328
1177	0.0402028
1183	0.0412538
1184	0.0446462
1185	0.0435556
1190	0.043715
1192	0.0426591
1195	0.0436928
1200	0.0400753
1203	0.0391374
1210	0.0492747
1215	0.0415103
1216	0.0376742
1221	0.0427682
1224	0.0421298
1226	0.0429835
1233	0.0407051
1236	0.0419921
1240	0.0423229
1241	0.0421514
1243	0.0451015
1244	0.0480033
1245	0.0409487
1248	0.0444675
1252	0.0420488
1254	0.0422494
1257	0.0430984
1259	0.0418621
1262	0.0438629
1266	0.0421285
1268	0.0402199
1269	0.0444485
1270	0.0384438
1274	0.0438061
1275	0.0395003
1276	0.0398627
1278	0.0382932
1280	0.0443254
1284	0.0441066
1285	0.0435192
1286	0.0453884
1288	0.0404796
1290	0.0432233
1292	0.0378912
1305	0.0368337
1306	0.0440474
1310	0.0402742
1313	0.0411217
1318	0.0414218
1319	0.0421716
1321	0.0396728
1326	0.0419621
1327	0.0413576
1329	0.0403014
1330	0.0419646
1334	0.039823
1337	0.0390105
1340	0.0402369
1348	0.0434618
1349	0.040405
1352	0.0370225
1359	0.0428691
1360	0.0414491
1363	0.0444674
1365	0.0420772
1372	0.0411228
1380	0.0419239
1383	0.0384593
1388	0.0431669
1389	0.0444961
1392	0.0363408
1396	0.0407006
1398	0.0441308
1400	0.0424261
1401	0.04
1404	0.0418955
1410	0.0386069
1411	0.0406595
1415	0.0465495
1416	0.0436778
1423	0.0385772
1424	0.0410266
1426	0.0418201
1434	0.0369348
1456	0.0405702
1463	0.0404492
1465	0.0390304
1466	0.038717
1473	0.04035
1474	0.034783
1485	0.0414062
1487	0.0423726
1488	0.0432358
1492	0.0400654
1500	0.0417107
1502	0.0375393
1505	0.0424511
1506	0.0395852
1509	0.0382652
1515	0.0379378
1516	0.0387472
1517	0.0426495
1519	0.0376879
1523	0.038537
1527	0.0354899
1534	0.0411554
1536	0.0356146
1547	0.0430955
1552	0.0393129
1553	0.0411207
1554	0.0393044
1561	0.0352702
1569	0.038818
1572	0.0379997
1574	0.0395354
1579	0.0384026
1581	0.0387657
1586	0.0366438
1587	0.03887
1588	0.0410958
1596	0.0352164
1602	0.0371848
1605	0.0396232
1606	0.0383761
1611	0.0388023
1613	0.0363933
1614	0.0395107
1621	0.0366608
1622	0.0375338
1627	0.0349762
1629	0.0422084
1633	0.0398457
1643	0.0377128
1650	0.0370472
1651	0.0373173
1658	0.0379813
1670	0.0364363
1674	0.0366712
1684	0.0379768
1686	0.0347705
1705	0.0399861
1709	0.03722
1711	0.034621
1725	0.0379638
1726	0.0366383
1733	0.0373344
1741	0.036805
1743	0.0394353
1761	0.0393048
1762	0.0368791
1767	0.0408721
1770	0.0381701
1775	0.0351274
1776	0.0352323
1803	0.0383442
1814	0.0339984
1823	0.0378216
1828	0.0387055
1853	0.0368483
1855	0.0344925
1864	0.0333596
1874	0.0361639
1879	0.0324742
1883	0.035663
1885	0.0385979
1904	0.0390492
1917	0.0394058
1923	0.0347065
1929	0.0380086
1934	0.0355799
1948	0.0347963
1956	0.0370054
1957	0.0353025
1968	0.0358697
1975	0.0363532
1984	0.0371356
1986	0.0351548
1998	0.0344433
2006	0.0357698
2015	0.0347839
2020	0.0364322
2028	0.0359256
2031	0.0352062
2034	0.0352454
2037	0.0339967
2056	0.0352732
2064	0.0340334
2079	0.0317468
2098	0.0370197
2105	0.0356798
2109	0.0350042
2129	0.0369014
2134	0.0365746
2138	0.0344345
2166	0.033348
2169	0.0335184
2170	0.0348832
2171	0.0349271
2187	0.0319447
2191	0.0335524
2200	0.0320588
2207	0.03536
2236	0.033789
2265	0.0341199
2283	0.0352063
2296	0.0310231
2300	0.0327784
2303	0.0342838
2304	0.0331053
2315	0.0309637
2329	0.0329181
2349	0.0339164
2354	0.0317327
2360	0.0321962
2361	0.0320782
2362	0.0319652
2374	0.0324393
2383	0.0297836
2384	0.0325744
2401	0.0319182
2436	0.0339922
2438	0.0301156
2445	0.0314129
2446	0.0300093
2450	0.0348046
2467	0.0341233
2474	0.0327058
2499	0.0330539
2500	0.0315295
2527	0.0308156
2535	0.0334549
2546	0.0312715
2559	0.0333167
2572	0.0292437
2578	0.0316718
2579	0.0338793
2604	0.0313547
2622	0.0316068
2667	0.0296202
2705	0.031031
2717	0.0304698
2720	0.0316978
2741	0.0314422
2743	0.0282391
2745	0.0301491
2767	0.0326549
2798	0.0288227
2809	0.0301964
2813	0.0302958
2823	0.0305476
2829	0.0299093
2852	0.029912
2861	0.0287944
2897	0.0313531
2908	0.0304247
3012	0.0308568
3013	0.0288246
3029	0.0306068
3031	0.0305397
3070	0.0279326
3077	0.0287223
3121	0.0284549
3129	0.0272803
3132	0.0285453
3178	0.0289375
3191	0.0272981
3207	0.0278122
3218	0.0294096
3225	0.0271624
3235	0.0273457
3294	0.0265625
3307	0.0280964
3324	0.0283729
3421	0.026397
3434	0.0266788
3470	0.0259407
3590	0.0266633
3615	0.0257816
3709	0.0251763
3747	0.0253325
3783	0.0259362
3794	0.0249708
3835	0.0260412
3877	0.0239802
3922	0.0255663
3966	0.0259168
4051	0.0246692
4269	0.0224031
4330	0.0218287
4339	0.0240628
4379	0.0239146
4387	0.0235873
4427	0.0235964
4511	0.0218542
4645	0.0222279
4750	0.0225542
4751	0.0201992
5105	0.0211486
5427	0.0204541
6937	0.0172274
7841	0.0149022
8015	0.0149377
8893	0.0137661
9820	0.0125976
