#
# Clustering Coefficient Distribution. G(80374, 1730617). Average clustering: 0.0478  OpenTriads: 201126614 (0.9965)  ClosedTriads: 704400 (0.0035) (Mon May  5 02:51:35 2014)
#
# Node degree	Average clustering coefficient
1	0
2	0.127084
3	0.136471
4	0.118848
5	0.11008
6	0.0913291
7	0.0830365
8	0.0751095
9	0.0697902
10	0.0668388
11	0.0619472
12	0.0589948
13	0.0573104
14	0.0537453
15	0.0517204
16	0.0489721
17	0.0466113
18	0.0466807
19	0.04481
20	0.041597
21	0.041647
22	0.0395879
23	0.0390424
24	0.0371853
25	0.0361337
26	0.035035
27	0.0362364
28	0.0346055
29	0.032779
30	0.0332314
31	0.0324725
32	0.0326329
33	0.0319468
34	0.0304185
35	0.0298172
36	0.0298917
37	0.0293291
38	0.0280547
39	0.0284303
40	0.0278156
41	0.0274451
42	0.0261797
43	0.0262685
44	0.0262271
45	0.0252623
46	0.0255615
47	0.0260658
48	0.0251028
49	0.0242658
50	0.0246699
51	0.0241586
52	0.0235002
53	0.0238239
54	0.0235256
55	0.0220499
56	0.0227319
57	0.0212797
58	0.0225915
59	0.0217738
60	0.0224384
61	0.0211486
62	0.020166
63	0.0203436
64	0.0206498
65	0.0205501
66	0.0207784
67	0.019374
68	0.0207661
69	0.0203266
70	0.0193111
71	0.0192103
72	0.018729
73	0.0188862
74	0.0196405
75	0.0184984
76	0.0196485
77	0.0191499
78	0.0190123
79	0.0177214
80	0.0180868
81	0.017304
82	0.0181687
83	0.0179124
84	0.0173974
85	0.0169769
86	0.0170979
87	0.0166056
88	0.0172691
89	0.0161414
90	0.0179705
91	0.0162295
92	0.016723
93	0.016852
94	0.016874
95	0.0175271
96	0.0158568
97	0.0164714
98	0.0161879
99	0.0159271
100	0.0158091
101	0.0157019
102	0.0164873
103	0.0164031
104	0.0155627
105	0.0158522
106	0.0154338
107	0.0148383
108	0.0151314
109	0.0139106
110	0.0148625
111	0.0146642
112	0.015005
113	0.0146222
114	0.0146406
115	0.0142971
116	0.0150229
117	0.0148697
118	0.014303
119	0.0135265
120	0.0146434
121	0.01368
122	0.0155772
123	0.01447
124	0.0138997
125	0.0137808
126	0.0136467
127	0.0144715
128	0.0131021
129	0.0127943
130	0.0130893
131	0.0126366
132	0.0130531
133	0.0140423
134	0.0143856
135	0.0141314
136	0.012687
137	0.0134499
138	0.0131386
139	0.0126117
140	0.01322
141	0.0130973
142	0.014144
143	0.0128543
144	0.0125175
145	0.0121197
146	0.0129702
147	0.0129955
148	0.0131314
149	0.0124456
150	0.0125356
151	0.0116505
152	0.0122685
153	0.0130833
154	0.0123874
155	0.0124075
156	0.0112145
157	0.0116746
158	0.011992
159	0.0125621
160	0.0117322
161	0.0112199
162	0.012291
163	0.0117416
164	0.011986
165	0.0113856
166	0.0123737
167	0.0107275
168	0.0112614
169	0.0119572
170	0.011264
171	0.0117097
172	0.0111245
173	0.0113829
174	0.0113553
175	0.0114686
176	0.011827
177	0.0113265
178	0.0111219
179	0.0110705
180	0.0114038
181	0.0114777
182	0.0114214
183	0.0112677
184	0.0108885
185	0.0110201
186	0.0106121
187	0.0118602
188	0.0100401
189	0.0110421
190	0.010783
191	0.0101931
192	0.0119187
193	0.0101235
194	0.0102003
195	0.0114986
196	0.0107628
197	0.00987138
198	0.0105763
199	0.00992152
200	0.0123965
201	0.010026
202	0.0100261
203	0.0105338
204	0.0109093
205	0.0111998
206	0.010306
207	0.0105665
208	0.010365
209	0.0102138
210	0.0106202
211	0.00946856
212	0.0110741
213	0.0102701
214	0.0103411
215	0.00986869
216	0.00992378
217	0.011193
218	0.0104674
219	0.00925703
220	0.00858325
221	0.00982062
222	0.00986918
223	0.00973723
224	0.00909444
225	0.0103876
226	0.0107508
227	0.0102613
228	0.0101244
229	0.0101131
230	0.0109816
231	0.00866146
232	0.00907244
233	0.00923422
234	0.00859706
235	0.00855975
236	0.00988848
237	0.00937014
238	0.0089743
239	0.0103577
240	0.0096581
241	0.00929363
242	0.00798911
243	0.00967108
244	0.00784649
245	0.00803018
246	0.0100043
247	0.0102526
248	0.0106103
249	0.00982983
250	0.00861835
251	0.00954685
252	0.00949517
253	0.00946119
254	0.00921878
255	0.00925295
256	0.0108532
257	0.00972797
258	0.0103072
259	0.00873849
260	0.00913069
261	0.00956905
262	0.0082837
263	0.00662625
264	0.00750636
265	0.00788283
266	0.0102701
267	0.00695813
268	0.00943329
269	0.00902456
270	0.00715818
271	0.0102906
272	0.00913231
273	0.00962238
274	0.0095412
275	0.00876616
276	0.00809968
277	0.00966094
278	0.010168
279	0.00853929
280	0.00780419
281	0.00748899
282	0.00868123
283	0.00809882
284	0.00964794
285	0.009746
286	0.00793555
287	0.00848547
288	0.00719997
289	0.00818158
290	0.00713152
291	0.00897836
292	0.0092231
293	0.00956068
294	0.0104354
295	0.0085295
296	0.00907781
297	0.00646576
298	0.00747691
299	0.00855799
300	0.00584362
301	0.00640507
302	0.00917468
303	0.0080115
304	0.00717959
305	0.00966529
306	0.00715031
307	0.00688311
308	0.00935701
309	0.00749155
310	0.00767841
311	0.00907196
312	0.00811792
313	0.00845327
314	0.00767972
315	0.00821758
316	0.00772501
317	0.00802927
318	0.00815066
319	0.00805977
320	0.00789282
321	0.00746093
322	0.0100065
323	0.0083423
324	0.00918911
325	0.00648246
326	0.0084231
327	0.00862543
328	0.00744589
329	0.00942279
330	0.0095531
331	0.00927828
332	0.00824266
333	0.00863485
334	0.00675056
335	0.00803653
336	0.00855022
337	0.00639411
338	0.00970547
339	0.00848584
340	0.00921848
341	0.00790965
342	0.00787665
343	0.00874861
344	0.0101576
345	0.00751268
346	0.00967742
347	0.00770149
348	0.00673035
350	0.00634263
351	0.00917797
352	0.00727934
353	0.00850583
354	0.00350708
355	0.00959637
356	0.00926042
357	0.00746197
358	0.00629234
359	0.00514203
360	0.008753
361	0.00824299
362	0.0080305
363	0.00612091
364	0.0065041
365	0.00967926
366	0.00792117
367	0.00847066
368	0.00884738
369	0.00852866
370	0.0075115
371	0.00822793
372	0.00675685
374	0.00652122
375	0.00900753
376	0.00890011
377	0.00884917
378	0.00658592
379	0.00489936
380	0.00827915
381	0.00840815
382	0.00831089
383	0.00687678
384	0.0029198
385	0.0100678
386	0.00525931
387	0.00796606
388	0.00865448
389	0.00212016
390	0.010144
391	0.0107977
392	0.00649379
393	0.00838502
394	0.00870518
395	0.00948187
396	0.0046044
397	0.00309137
398	0.00640993
399	0.00938191
400	0.00561162
401	0.00771078
402	0.00763799
404	0.00910733
405	0.00779684
407	0.00944859
408	0.00624211
409	0.00769292
410	0.00891897
411	0.00379042
412	0.00553828
413	0.00959678
414	0.00749818
415	0.00646876
416	0.00812558
417	0.00802605
418	0.00577841
419	0.00827934
420	0.00651522
421	0.00863589
422	0.00516728
423	0.00879684
424	0.00831048
425	0.00790037
426	0.0098081
427	0.00900285
428	0.00793188
429	0.00904068
430	0.00276468
431	0.00345172
432	0.00830692
433	0.00911079
434	0.00693529
436	0.00559486
438	0.00540073
441	0.00192977
442	0.00970656
443	0.00794908
444	0.00623703
446	0.0080429
447	0.0094813
448	0.00910366
450	0.00506411
451	0.00526657
452	0.00866515
453	0.00498154
454	0.00259649
456	0.00849288
457	0.00558832
458	0.00250248
459	0.00224525
461	0.0066997
462	0.00346735
463	0.00574366
464	0.00157928
465	0.00134409
466	0.00581233
467	0.00878154
468	0.00694825
469	0.00601389
470	0.00383659
471	0.00855534
473	0.00236744
475	0.00600191
476	0.008728
477	0.00533317
479	0.00682521
480	0.00804912
481	0.00290194
483	0.00897694
484	0.0035652
485	0.00587481
486	0.00537976
487	0.00454618
488	0.00621087
490	0.00778605
493	0.00627523
495	0.00238152
496	0.00216683
497	0.00786045
498	0.00468077
499	0.00346556
500	0.00797407
502	0.00740415
504	0.0067995
505	0.00533953
506	0.00739023
507	0.00575901
509	0.00654622
510	0.00356591
512	0.00775023
513	0.00867768
519	0.00234026
520	0.00420164
521	0.00888831
524	0.00687537
527	0.00447327
528	0.00305488
531	0.0082147
532	0.00279654
533	0.00255582
534	0.00509549
535	0.00834812
536	0.00304784
538	0.00277475
541	0.00334223
543	0.00276189
544	0.00773303
545	0.00804659
546	0.00821466
549	0.00301225
550	0.00255009
552	0.00341683
553	0.00878891
556	0.00540803
558	0.00516085
559	0.00223762
565	0.0034394
566	0.00264549
571	0.00825538
574	0.00261391
576	0.00789722
579	0.00305383
582	0.0019064
593	0.00199604
594	0.00167498
600	0.00657687
608	0.00287145
610	0.0078735
614	0.00376838
617	0.00307836
618	0.0071555
625	0.00261026
627	0.00461077
638	0.00213087
642	0.00648436
644	0.0035261
645	0.00781665
653	0.00238896
656	0.00252281
658	0.00162848
660	0.00197728
665	0.00274401
671	0.00750355
675	0.00402728
676	0.00734548
678	0.00254608
682	0.00264749
683	0.00206953
687	0.00762706
690	0.00355468
692	0.00698993
719	0.00437301
725	0.00205753
728	0.00218042
732	0.00235665
740	0.00216143
754	0.00236014
764	0.00220167
771	0.00258358
772	0.0014247
777	0.00226472
780	0.00307559
785	0.00771085
801	0.00256242
815	0.00306445
820	0.0018315
831	0.00363594
833	0.00187286
840	0.00239501
843	0.00665188
859	0.00184255
866	0.00181554
869	0.00204673
870	0.00377346
876	0.00188425
892	0.00170384
895	0.00233571
897	0.00226574
914	0.00279828
915	0.00197874
932	0.001989
942	0.00187561
969	0.00237231
984	0.00214211
1003	0.001665
1013	0.00630468
1020	0.00209188
1036	0.00182579
1042	0.00206428
1047	0.00177926
1061	0.00145288
1066	0.00193783
1069	0.00137866
1093	0.0013841
1214	0.0018892
1220	0.00151957
1239	0.0017567
1294	0.00161487
1416	0.00211414
1625	0.00165138
1708	0.00155854
1845	0.00193812
1858	0.00148914
2153	0.00175341
2187	0.00184867
2424	0.00156455
2547	0.00153149
