#
# Clustering Coefficient Distribution. G(80155, 2145624). Average clustering: 0.0749  OpenTriads: 990539227 (0.9907)  ClosedTriads: 9256832 (0.0093) (Sun May  4 21:56:48 2014)
#
# Node degree	Average clustering coefficient
1	0
2	0.124001
3	0.127998
4	0.12341
5	0.118467
6	0.111111
7	0.103355
8	0.0997321
9	0.0932304
10	0.0917514
11	0.0869264
12	0.0844517
13	0.0835926
14	0.0806055
15	0.0782668
16	0.0798421
17	0.0761834
18	0.0730086
19	0.0730233
20	0.0723121
21	0.0696102
22	0.0711185
23	0.0673462
24	0.0678368
25	0.0654379
26	0.0676466
27	0.0660688
28	0.064549
29	0.0647177
30	0.063388
31	0.0629775
32	0.0621489
33	0.0620203
34	0.0614575
35	0.0610538
36	0.0601627
37	0.062035
38	0.0595994
39	0.0588594
40	0.0579574
41	0.0592199
42	0.0569788
43	0.0575519
44	0.0586336
45	0.0592297
46	0.056892
47	0.0581879
48	0.0557968
49	0.056116
50	0.0580438
51	0.05584
52	0.0553524
53	0.055187
54	0.0549289
55	0.0536203
56	0.0543091
57	0.0546044
58	0.0543793
59	0.0539683
60	0.054536
61	0.0539613
62	0.0536889
63	0.0528223
64	0.0546921
65	0.0541971
66	0.052987
67	0.0527115
68	0.0550513
69	0.052808
70	0.0519594
71	0.0540738
72	0.0524697
73	0.0517709
74	0.0533816
75	0.0510176
76	0.0512043
77	0.0512024
78	0.0503673
79	0.0520305
80	0.0507999
81	0.0515451
82	0.0523551
83	0.0512645
84	0.0521362
85	0.0518703
86	0.0509788
87	0.0506853
88	0.0504114
89	0.0503179
90	0.0508057
91	0.0491474
92	0.0501104
93	0.0486629
94	0.0477928
95	0.0505175
96	0.0504071
97	0.0501695
98	0.0512897
99	0.0490865
100	0.0488738
101	0.0494809
102	0.0487229
103	0.0510153
104	0.0498335
105	0.0491115
106	0.0485966
107	0.0499533
108	0.0467779
109	0.0492454
110	0.0485302
111	0.0502113
112	0.0477126
113	0.047094
114	0.0483547
115	0.0469443
116	0.0488882
117	0.0486018
118	0.0480933
119	0.0495226
120	0.0499644
121	0.0507633
122	0.0472298
123	0.0499303
124	0.0464954
125	0.0468495
126	0.0495067
127	0.049067
128	0.0472416
129	0.0476682
130	0.0497298
131	0.0474136
132	0.0487758
133	0.0464748
134	0.046485
135	0.0460822
136	0.0476468
137	0.0456225
138	0.0470181
139	0.0455873
140	0.0476933
141	0.0474152
142	0.0466167
143	0.0484374
144	0.0487602
145	0.0482864
146	0.0478059
147	0.0456038
148	0.0453802
149	0.0461834
150	0.0477334
151	0.0473764
152	0.0469544
153	0.0466723
154	0.0467824
155	0.0472353
156	0.0436819
157	0.0494722
158	0.0454297
159	0.0456076
160	0.0459882
161	0.0464436
162	0.0454382
163	0.0463747
164	0.0484928
165	0.0450708
166	0.0452597
167	0.0447531
168	0.0453509
169	0.0487486
170	0.0452764
171	0.0496887
172	0.0479146
173	0.0472044
174	0.0462315
175	0.0453151
176	0.0466208
177	0.0458635
178	0.0463954
179	0.0435366
180	0.0471066
181	0.0470818
182	0.0466377
183	0.0475054
184	0.0448031
185	0.0467169
186	0.0443085
187	0.0483952
188	0.0433759
189	0.04138
190	0.0452159
191	0.0447683
192	0.0433103
193	0.0474022
194	0.0470037
195	0.0461481
196	0.0423775
197	0.0433943
198	0.045802
199	0.0422359
200	0.0438346
201	0.049105
202	0.0449871
203	0.0453336
204	0.0460769
205	0.0434876
206	0.0447985
207	0.0491822
208	0.0459786
209	0.0436726
210	0.0427743
211	0.0456325
212	0.04274
213	0.0442774
214	0.0437622
215	0.0440774
216	0.0449837
217	0.0431775
218	0.0455005
219	0.0428577
220	0.0449723
221	0.0421314
222	0.0431091
223	0.0497729
224	0.0431826
225	0.0425356
226	0.0436475
227	0.0418844
228	0.0427339
229	0.0419565
230	0.0448151
231	0.0434768
232	0.0452955
233	0.0449047
234	0.0451512
235	0.0456569
236	0.0466227
237	0.0456163
238	0.0431138
239	0.0437724
240	0.0424948
241	0.045625
242	0.042042
243	0.045779
244	0.0472629
245	0.0439845
246	0.0441017
247	0.0416806
248	0.0428794
249	0.0443638
250	0.0453989
251	0.0441856
252	0.0419385
253	0.0423594
254	0.0467603
255	0.044433
256	0.045342
257	0.0457441
258	0.0455755
259	0.0437061
260	0.045529
261	0.039629
262	0.0437254
263	0.0452559
264	0.0411293
265	0.0440111
266	0.0441668
267	0.0436539
268	0.040382
269	0.0405267
270	0.0415708
271	0.0417701
272	0.0412888
273	0.0469893
274	0.0413695
275	0.0416795
276	0.0413852
277	0.0408361
278	0.0405978
279	0.0404394
280	0.0439973
281	0.0408245
282	0.0505731
283	0.0406147
284	0.0434773
285	0.0448054
286	0.0438875
287	0.0403333
288	0.0410559
289	0.0415171
290	0.0428159
291	0.046909
292	0.0427354
293	0.0415915
294	0.0430302
295	0.0403008
296	0.0415577
297	0.0404075
298	0.0398004
299	0.0428894
300	0.0433409
301	0.0392444
302	0.0427636
303	0.0395063
304	0.0397048
305	0.039256
306	0.0416457
307	0.0412654
308	0.0389202
309	0.0418182
310	0.039053
311	0.0364866
312	0.0427462
313	0.0389275
314	0.0408292
315	0.0464086
316	0.0453821
317	0.0394698
318	0.0428607
319	0.0440917
320	0.038833
321	0.0404441
322	0.0453287
323	0.0366878
324	0.0374099
325	0.0388215
326	0.0408222
327	0.0426635
328	0.0402186
329	0.0434795
330	0.0405812
331	0.0445515
332	0.0411614
333	0.0408584
334	0.0490034
335	0.0425102
336	0.0393263
337	0.0408046
338	0.0380022
339	0.042161
340	0.0375165
341	0.0414704
342	0.040715
343	0.0382173
344	0.0429562
345	0.0384221
346	0.0406041
347	0.042333
348	0.0396521
349	0.039817
350	0.0429965
351	0.040785
352	0.0449605
353	0.0386966
354	0.0404787
355	0.0391973
356	0.0405374
357	0.0376854
358	0.0416771
359	0.0410834
360	0.0407895
361	0.0409469
362	0.0381999
363	0.0412451
364	0.0394875
365	0.0418124
366	0.0409632
367	0.0416907
368	0.0418373
369	0.0406062
370	0.0442375
371	0.0412602
372	0.0432512
373	0.0384168
374	0.0387852
375	0.0402215
376	0.0380112
377	0.0432806
378	0.036264
379	0.0440851
380	0.0417847
381	0.0434746
382	0.0377139
383	0.0418651
384	0.0410283
385	0.0411737
386	0.0412769
387	0.0367649
388	0.037491
389	0.0419519
390	0.0368775
391	0.0405443
392	0.0399802
393	0.0417089
394	0.036818
395	0.03385
396	0.0370699
397	0.0418779
398	0.036788
399	0.0387743
400	0.0388252
401	0.0398316
402	0.0338471
403	0.0384424
404	0.0391819
405	0.0390435
406	0.0379005
407	0.0365624
408	0.0416625
409	0.0416302
410	0.0385574
411	0.0393769
412	0.0393083
413	0.0391551
414	0.0447993
415	0.0390979
416	0.0405442
417	0.0385756
418	0.039598
419	0.037683
420	0.0409992
421	0.0428338
422	0.0361678
423	0.0376976
424	0.0363054
425	0.0424315
426	0.0450095
427	0.0390199
428	0.0349243
429	0.0449368
430	0.0388003
431	0.0387919
432	0.0416121
433	0.0395511
434	0.0372648
435	0.0381446
436	0.0362173
437	0.0432571
438	0.0380696
439	0.0361351
440	0.0400193
441	0.0342084
442	0.0345579
443	0.0378277
444	0.0428471
445	0.0373776
446	0.0381159
447	0.0349989
448	0.0398291
449	0.0399255
450	0.0359987
451	0.0389298
452	0.0345606
453	0.0365258
454	0.0398634
455	0.0410541
456	0.0363548
457	0.0423694
458	0.0396874
459	0.0416683
460	0.0391367
461	0.0376908
462	0.0399349
463	0.0383675
464	0.0370907
465	0.0355088
466	0.0438937
467	0.0346066
468	0.0359845
469	0.0360432
470	0.0374687
471	0.0379472
473	0.03445
474	0.0376967
475	0.0392989
476	0.0368217
477	0.0372869
478	0.0410304
479	0.0359943
480	0.0380153
481	0.0422333
482	0.0412155
483	0.035637
484	0.0307466
485	0.0393604
486	0.0412749
487	0.0342277
488	0.0405245
489	0.0351597
490	0.0312114
491	0.0395394
492	0.037637
493	0.0370735
494	0.0354063
495	0.0365562
496	0.0402038
497	0.0322169
498	0.0356894
499	0.0373112
500	0.0389361
501	0.038162
502	0.0361963
504	0.0381455
505	0.0414766
506	0.037534
507	0.0366363
508	0.0362004
509	0.0366924
510	0.0377207
511	0.0418404
512	0.036901
513	0.0325112
514	0.0318274
515	0.0356465
516	0.0339423
517	0.0421526
518	0.0384463
519	0.0374432
520	0.0346116
521	0.0393032
522	0.0335989
523	0.0341429
525	0.0375944
526	0.0340439
527	0.0364419
528	0.0381429
529	0.0388525
530	0.0374219
531	0.0363636
532	0.0344171
533	0.0289871
534	0.0372391
535	0.035784
536	0.0321718
537	0.0420975
540	0.0376426
541	0.0359068
542	0.038446
543	0.0257484
544	0.0345336
545	0.0376928
546	0.0445403
547	0.0376531
548	0.0370806
549	0.0388761
550	0.0373618
551	0.0384649
552	0.0428101
553	0.0425966
554	0.0365079
555	0.0301356
556	0.0373713
557	0.0336378
558	0.040393
559	0.0374905
560	0.037337
562	0.038908
563	0.0415252
564	0.0365266
565	0.0357117
566	0.0310759
569	0.0363015
570	0.0402902
571	0.036824
572	0.0327433
573	0.0358149
574	0.0352961
575	0.0375267
576	0.0342463
577	0.0365968
578	0.0389182
579	0.038712
581	0.0380993
582	0.0349016
583	0.0362076
584	0.034628
585	0.0342297
586	0.0351878
587	0.0359852
588	0.0416674
589	0.0360548
591	0.0363239
593	0.0364542
594	0.0380797
595	0.0360383
596	0.0366781
597	0.0288963
598	0.032349
599	0.0363955
600	0.0384282
601	0.0350296
602	0.0371279
605	0.0304495
606	0.0405304
609	0.0342827
610	0.0355609
612	0.0342151
613	0.0369128
614	0.0342988
615	0.0313994
616	0.0357468
617	0.0266942
618	0.0352374
619	0.0326467
620	0.0373369
623	0.035347
624	0.0342908
625	0.0344027
626	0.0297701
627	0.0379577
628	0.0349345
630	0.0385951
631	0.0355992
632	0.0366797
633	0.0351087
635	0.0384269
636	0.0346774
637	0.0334065
638	0.0349816
639	0.0311969
640	0.0364361
641	0.0449387
643	0.0382932
644	0.0336377
645	0.039017
646	0.0325306
647	0.0342393
648	0.0349227
649	0.0346252
650	0.035823
651	0.0324141
652	0.034962
654	0.0361479
655	0.0329186
656	0.0361755
657	0.0332459
658	0.0341413
660	0.0326133
661	0.0371304
662	0.0398771
663	0.0333781
664	0.0323962
665	0.0356997
666	0.0347076
669	0.0324663
670	0.0368669
671	0.0261294
673	0.0364503
674	0.033911
675	0.0337643
676	0.0343795
679	0.0335078
680	0.0379788
681	0.0392953
682	0.0333067
683	0.033463
684	0.0351267
687	0.0393618
688	0.0424221
690	0.028833
691	0.031532
694	0.0370639
695	0.0370138
696	0.0290233
698	0.0280221
699	0.0357451
700	0.0406846
701	0.0301726
703	0.0397376
704	0.0361501
705	0.0363379
706	0.037908
707	0.0360668
708	0.0293613
710	0.0336613
712	0.031954
713	0.0348752
716	0.0326599
717	0.0356137
718	0.0326818
719	0.0342787
721	0.0334327
723	0.0337998
724	0.0308275
725	0.034727
726	0.0340098
731	0.0320033
732	0.0276736
733	0.034008
736	0.0309939
738	0.0342269
739	0.0329183
742	0.0382696
743	0.0370483
745	0.0352358
746	0.0306821
753	0.0368696
754	0.0333519
757	0.0276715
758	0.0316281
759	0.0320166
761	0.0314198
762	0.0321748
766	0.0325778
771	0.0364238
772	0.0323345
773	0.0353666
775	0.0327682
776	0.0351016
780	0.0336815
781	0.0353729
782	0.031017
783	0.0327867
784	0.0311415
787	0.0355389
788	0.0308846
789	0.0323901
790	0.0342836
791	0.0302727
792	0.0351774
793	0.0302048
794	0.0337536
795	0.034891
798	0.0384876
799	0.0336922
800	0.0341342
802	0.0327834
806	0.035334
807	0.0342522
808	0.033723
809	0.0323606
810	0.0320834
812	0.0297031
813	0.0342493
816	0.0340597
817	0.0361423
821	0.0340948
822	0.0323408
823	0.0311538
824	0.0326711
825	0.0313986
827	0.0316274
828	0.0356791
829	0.0338837
830	0.0299698
831	0.0355521
832	0.034446
834	0.0318054
835	0.0372524
837	0.034832
839	0.0310492
842	0.0306132
843	0.0326378
846	0.0362635
847	0.0313085
848	0.0326674
849	0.0357149
850	0.0318236
851	0.0346617
852	0.0310432
853	0.0295175
854	0.0331171
855	0.0328653
856	0.0241638
857	0.033739
862	0.0303524
864	0.0330471
867	0.0324815
868	0.0328693
870	0.0327084
871	0.0370232
877	0.0314345
879	0.0357603
880	0.0352652
881	0.0283023
882	0.0297156
883	0.0251089
884	0.0289039
885	0.0303572
886	0.0259029
892	0.0341634
895	0.0335825
896	0.0289982
897	0.0340583
899	0.0285768
901	0.0316646
902	0.0346725
904	0.0317142
905	0.0314102
906	0.0318323
907	0.0344708
909	0.0328756
912	0.0322782
918	0.0339745
920	0.0389197
921	0.03092
922	0.0330556
923	0.0366059
932	0.0309018
933	0.0290099
935	0.0294485
936	0.0335427
938	0.0285838
939	0.0287505
943	0.0336185
947	0.0364906
948	0.0263494
951	0.0323159
952	0.0312863
956	0.0269309
959	0.0331585
961	0.0291842
962	0.0349072
963	0.027802
964	0.0325474
965	0.0292547
966	0.0314073
967	0.0313254
969	0.0322864
971	0.0308417
974	0.0330857
977	0.0348238
980	0.0311053
981	0.0336643
982	0.0338164
983	0.0283914
984	0.0312201
985	0.0334646
986	0.0230192
988	0.0309605
989	0.0273517
992	0.0309953
996	0.0250892
997	0.031072
1002	0.0292693
1003	0.0310738
1004	0.0271606
1005	0.0268344
1006	0.0307002
1009	0.0315812
1015	0.0368235
1018	0.0331439
1020	0.0292141
1023	0.03199
1026	0.0311252
1027	0.0285664
1028	0.0300516
1039	0.0299717
1041	0.0274336
1046	0.0292772
1049	0.028613
1050	0.0293081
1053	0.0294066
1060	0.033312
1063	0.0312631
1067	0.0260402
1068	0.0317817
1069	0.0325138
1070	0.0296549
1072	0.0295101
1074	0.031207
1075	0.0251518
1076	0.0326558
1080	0.0299833
1086	0.029344
1089	0.0275155
1093	0.0284866
1095	0.0261107
1096	0.0286325
1099	0.0315544
1100	0.0311931
1102	0.0293965
1103	0.0312017
1106	0.0277674
1109	0.0264577
1112	0.0276053
1117	0.0300151
1122	0.0315408
1123	0.0287627
1125	0.0264317
1127	0.0317778
1130	0.0227862
1132	0.0266952
1134	0.0286914
1143	0.0304899
1146	0.0258932
1148	0.0313411
1149	0.0325969
1160	0.0266082
1165	0.0314452
1166	0.0283088
1167	0.0282275
1168	0.0294143
1175	0.0327908
1176	0.0290493
1180	0.0312202
1189	0.0290772
1190	0.0309307
1191	0.0205447
1192	0.0273085
1200	0.0232351
1203	0.0281154
1204	0.0301114
1206	0.0310801
1210	0.0275468
1217	0.0302415
1228	0.0304093
1232	0.0285708
1233	0.0292503
1235	0.0286178
1236	0.0292503
1238	0.0294941
1239	0.0269688
1250	0.0301317
1252	0.028466
1253	0.0274165
1254	0.034403
1255	0.0248752
1259	0.0274107
1261	0.0299697
1263	0.0273843
1264	0.0277911
1266	0.0270015
1267	0.0296249
1268	0.0279977
1269	0.0261689
1272	0.0283297
1273	0.0301537
1276	0.0288321
1283	0.0283734
1292	0.0262682
1300	0.0252205
1304	0.0231679
1305	0.0288555
1310	0.0312742
1311	0.0274495
1317	0.0240801
1322	0.0283677
1326	0.0260456
1327	0.0286344
1331	0.0225129
1339	0.0294634
1343	0.0276125
1344	0.0313552
1346	0.0316587
1347	0.0234991
1362	0.0271468
1364	0.0245894
1365	0.027633
1373	0.0257969
1380	0.0268334
1387	0.0277233
1389	0.0257293
1391	0.0286134
1396	0.0280829
1400	0.029744
1402	0.0297138
1407	0.0296878
1421	0.025704
1427	0.0275802
1432	0.0283031
1437	0.0273801
1439	0.0259998
1441	0.0248311
1459	0.027911
1461	0.0291579
1462	0.0261043
1466	0.0226315
1468	0.0246353
1476	0.0285002
1489	0.027377
1491	0.0274769
1494	0.0275993
1495	0.0248385
1504	0.00352095
1507	0.0258482
1511	0.0245575
1520	0.0271441
1522	0.0276094
1526	0.0249476
1528	0.0268555
1536	0.0280329
1537	0.0257802
1549	0.0243251
1557	0.0258712
1563	0.0258049
1566	0.0257234
1578	0.0282718
1590	0.0246194
1593	0.0270917
1598	0.0260037
1603	0.0244226
1606	0.0247163
1608	0.0240716
1613	0.0262636
1627	0.0268749
1631	0.0242786
1635	0.0256912
1644	0.0261858
1647	0.0263688
1652	0.0259203
1654	0.0244837
1657	0.023424
1662	0.0187127
1670	0.0244446
1678	0.0254687
1681	0.0261354
1697	0.0250295
1699	0.0265515
1702	0.0234862
1709	0.0266101
1741	0.0262144
1750	0.026441
1755	0.0230266
1765	0.0272516
1777	0.0197973
1787	0.0253755
1790	0.0223666
1801	0.0252173
1802	0.0282272
1810	0.0256868
1817	0.0236939
1818	0.0251582
1828	0.0214387
1845	0.0227963
1848	0.0255503
1851	0.024245
1857	0.0214933
1858	0.0250386
1859	0.0241445
1860	0.0263108
1867	0.0220572
1872	0.0245364
1880	0.024971
1893	0.024755
1899	0.0243878
1903	0.0270242
1933	0.0241954
1936	0.0261732
1944	0.021082
1970	0.0246714
1981	0.0230634
1987	0.0243642
1997	0.0242972
2004	0.0244758
2008	0.0230428
2029	0.0223518
2031	0.0239214
2036	0.0258073
2041	0.0238076
2046	0.0247333
2047	0.0263885
2052	0.0241524
2077	0.019534
2078	0.0236848
2085	0.00782855
2087	0.021044
2094	0.0234489
2120	0.0210695
2127	0.0224171
2130	0.0240887
2133	0.023916
2138	0.0237447
2175	0.020773
2181	0.0224771
2182	0.0245335
2189	0.00387717
2197	0.0226959
2205	0.0228373
2223	0.0226769
2231	0.0250575
2234	0.0232636
2265	0.0229248
2266	0.0225275
2285	0.0245176
2310	0.0199123
2315	0.0218345
2345	0.0218198
2351	0.0195841
2371	0.0219897
2398	0.0222449
2416	0.0223794
2435	0.0211733
2438	0.0142883
2471	0.0203465
2478	0.0222332
2481	0.0213792
2482	0.0203877
2488	0.0211827
2507	0.0213844
2510	0.0221574
2511	0.0217053
2516	0.0211228
2552	0.0216142
2553	0.0201417
2596	0.0208238
2653	0.0197102
2654	0.0207402
2655	0.00468301
2702	0.0173642
2734	0.0172717
2795	0.0182281
2811	0.0209965
2850	0.0208465
2873	0.0196294
2955	0.0182478
2961	0.0197969
2988	0.0204732
3032	0.0159874
3193	0.0187588
3229	0.0163043
3336	0.0184617
3415	0.0175963
3438	0.0178638
3440	0.0175303
3468	0.0189885
3516	0.017047
3683	0.0171703
3723	0.00386894
3735	0.0170987
4494	0.0162547
4745	0.0160513
5077	0.0131228
5500	0.00614127
5774	0.0124672
6183	0.0112558
7094	0.011126
7117	0.0122137
10124	0.00854072
