#
# Clustering Coefficient Distribution. G(80307, 1730617). Average clustering: 0.0405  OpenTriads: 544672961 (0.9926)  ClosedTriads: 4033718 (0.0074) (Mon May  5 02:51:29 2014)
#
# Node degree	Average clustering coefficient
1	0
2	0.0690972
3	0.0703568
4	0.0613208
5	0.0602988
6	0.0538738
7	0.0501519
8	0.0481968
9	0.046439
10	0.0445087
11	0.0433904
12	0.0438548
13	0.0415308
14	0.0407957
15	0.040636
16	0.0396132
17	0.0394737
18	0.0393209
19	0.0374663
20	0.0384549
21	0.0371359
22	0.0380954
23	0.0359202
24	0.0357327
25	0.0363605
26	0.0368851
27	0.034571
28	0.0356606
29	0.0361599
30	0.0339172
31	0.0344427
32	0.0337867
33	0.0349341
34	0.034181
35	0.0338833
36	0.0351958
37	0.0345916
38	0.0340142
39	0.0336049
40	0.0330578
41	0.0341415
42	0.0331144
43	0.032862
44	0.0332402
45	0.0332553
46	0.0319387
47	0.0321818
48	0.0312999
49	0.0331171
50	0.0308021
51	0.032291
52	0.0322398
53	0.0337433
54	0.0332018
55	0.031033
56	0.0312496
57	0.0308737
58	0.0323759
59	0.0310083
60	0.0315323
61	0.0318741
62	0.0328461
63	0.0324009
64	0.0326467
65	0.0310875
66	0.0317939
67	0.0309765
68	0.0313369
69	0.0306055
70	0.0332396
71	0.0309347
72	0.0326234
73	0.0309969
74	0.0300843
75	0.0310657
76	0.0309235
77	0.0310432
78	0.0316921
79	0.0333375
80	0.0327342
81	0.0305908
82	0.0303058
83	0.0311145
84	0.0309619
85	0.0295572
86	0.0307623
87	0.0309548
88	0.0309889
89	0.0302047
90	0.0317782
91	0.0300667
92	0.0309081
93	0.030698
94	0.0295275
95	0.03032
96	0.0298104
97	0.0293092
98	0.0302359
99	0.0287472
100	0.0320487
101	0.0298357
102	0.0297739
103	0.0311278
104	0.0306084
105	0.0289588
106	0.0310312
107	0.0313284
108	0.0288818
109	0.0298809
110	0.0295045
111	0.0307654
112	0.0288673
113	0.0308121
114	0.0296065
115	0.0290279
116	0.0285629
117	0.0310114
118	0.0273963
119	0.0299221
120	0.0301897
121	0.0304162
122	0.0286039
123	0.0289481
124	0.0291169
125	0.0279359
126	0.0291095
127	0.0278423
128	0.0298741
129	0.0305119
130	0.0290176
131	0.0304152
132	0.0291555
133	0.0303289
134	0.0304609
135	0.0281477
136	0.0298617
137	0.0277061
138	0.0293759
139	0.0274264
140	0.031222
141	0.029766
142	0.0276311
143	0.0300729
144	0.0271342
145	0.0294935
146	0.0278296
147	0.0304861
148	0.0282189
149	0.0276272
150	0.0299418
151	0.0292337
152	0.0301009
153	0.0299238
154	0.029957
155	0.0279406
156	0.0286859
157	0.0279895
158	0.0314896
159	0.0294727
160	0.0276028
161	0.0285143
162	0.0305826
163	0.0288736
164	0.0303
165	0.0309355
166	0.0287997
167	0.0298729
168	0.0294214
169	0.0295738
170	0.0288003
171	0.0319223
172	0.0292629
173	0.0290755
174	0.0289611
175	0.0293871
176	0.0306816
177	0.0311087
178	0.0277557
179	0.0275123
180	0.0284768
181	0.0276845
182	0.028326
183	0.0301518
184	0.0291463
185	0.0291567
186	0.0291165
187	0.0269217
188	0.0306126
189	0.0271694
190	0.0278628
191	0.0284233
192	0.0269272
193	0.0298298
194	0.0273206
195	0.029627
196	0.0297956
197	0.0309112
198	0.0282388
199	0.0258694
200	0.0254734
201	0.0314801
202	0.0284807
203	0.0267256
204	0.0266818
205	0.0263748
206	0.0264194
207	0.0277564
208	0.0271339
209	0.0266223
210	0.0295318
211	0.0291739
212	0.0264039
213	0.0278147
214	0.0254365
215	0.0269983
216	0.029561
217	0.0273405
218	0.0313582
219	0.0278961
220	0.0283079
221	0.0284201
222	0.0280137
223	0.0303772
224	0.0302063
225	0.0271733
226	0.0304476
227	0.0285916
228	0.0260303
229	0.0272401
230	0.0290093
231	0.0279017
232	0.028472
233	0.0263165
234	0.0290796
235	0.0280379
236	0.0273357
237	0.0277716
238	0.0291583
239	0.0278274
240	0.0270302
241	0.0275397
242	0.029495
243	0.0322472
244	0.0297459
245	0.0294768
246	0.0264562
247	0.026481
248	0.0298683
249	0.0257468
250	0.0277723
251	0.0296312
252	0.0275225
253	0.0263489
254	0.026054
255	0.0286957
256	0.0270622
257	0.0258253
258	0.0244613
259	0.0287982
260	0.025899
261	0.0256436
262	0.0268158
263	0.0306304
264	0.0313249
265	0.027807
266	0.0274292
267	0.0275031
268	0.0259696
269	0.0263911
270	0.0296262
271	0.02665
272	0.0253036
273	0.0267528
274	0.0250682
275	0.0243099
276	0.0303938
277	0.0298629
278	0.025498
279	0.0254494
280	0.0254176
281	0.0267232
282	0.0266488
283	0.0243561
284	0.0251992
285	0.0268957
286	0.0277731
287	0.0283437
288	0.0246662
289	0.029534
290	0.0270368
291	0.0255682
292	0.0239937
293	0.0264071
294	0.0241358
295	0.0246084
296	0.0277312
297	0.0237413
298	0.0251635
299	0.0274137
300	0.0302909
301	0.0285132
302	0.029725
303	0.0263117
304	0.0276416
305	0.0257249
306	0.0323656
307	0.0253423
308	0.0298781
309	0.0291175
310	0.0269929
311	0.0284672
312	0.0290536
313	0.0298323
314	0.0261444
315	0.0298833
316	0.0270748
317	0.0247225
318	0.0302049
319	0.0246008
320	0.0258475
321	0.0279154
322	0.0246089
323	0.0272889
324	0.0270152
325	0.0269457
326	0.0279388
327	0.027675
328	0.0252067
329	0.0278785
330	0.0214071
331	0.0282621
332	0.0299363
333	0.0269048
334	0.0264443
335	0.0201607
337	0.0291073
338	0.027973
339	0.0313477
340	0.0272111
341	0.0240319
342	0.024995
343	0.0266238
344	0.0281058
345	0.0284393
346	0.029151
347	0.0275716
348	0.0279575
349	0.0293238
350	0.0288195
351	0.0253964
352	0.0257234
353	0.0272691
354	0.0282574
355	0.0292199
356	0.0318305
357	0.0293191
358	0.0255116
359	0.027478
361	0.0260349
362	0.0249235
363	0.026716
364	0.0272641
365	0.0252912
366	0.0211275
367	0.0281376
368	0.0326946
369	0.0289262
370	0.0249485
371	0.0228869
372	0.0308959
373	0.0267138
374	0.0278917
375	0.0248166
376	0.0262755
377	0.0245189
378	0.0275947
379	0.0259682
380	0.0262441
381	0.0255968
382	0.0269065
383	0.0267509
384	0.0283312
385	0.0269266
386	0.0243768
387	0.0280432
389	0.0278171
390	0.0301077
391	0.0238661
392	0.0247282
393	0.0280845
394	0.0249365
395	0.0286321
396	0.0324542
397	0.0270256
398	0.0276088
399	0.0252786
400	0.0250053
401	0.0240642
402	0.0260614
403	0.0279991
404	0.0259892
405	0.0249828
406	0.0246136
407	0.0276602
408	0.0318543
409	0.0251032
410	0.0333394
411	0.0210573
412	0.0261289
413	0.0330232
414	0.0249455
415	0.0261936
416	0.0264864
417	0.0237986
418	0.0245741
419	0.0257455
420	0.0279752
421	0.0258403
422	0.0263001
423	0.0227762
424	0.0249564
425	0.0254141
426	0.0301522
427	0.0252275
428	0.0269145
429	0.023451
430	0.0296854
431	0.0286721
432	0.0275467
433	0.023874
435	0.0220986
436	0.0251622
437	0.0238837
438	0.0261406
439	0.0267929
440	0.0257724
441	0.0197867
442	0.0224183
443	0.0219381
444	0.022752
445	0.026769
446	0.0276791
447	0.0219255
448	0.0256398
449	0.0272888
450	0.0272406
451	0.0259037
452	0.0262731
453	0.0275628
454	0.0268209
455	0.0264211
456	0.0251663
457	0.02402
458	0.02943
460	0.02565
461	0.028643
462	0.0258312
463	0.0306989
464	0.0214913
466	0.0246661
467	0.0245061
468	0.0296742
469	0.0321546
470	0.0310103
472	0.0273094
473	0.0232697
474	0.0222605
476	0.025585
477	0.0262096
478	0.0261104
479	0.0265914
480	0.0267015
481	0.027294
482	0.0279813
483	0.0228995
484	0.0205624
485	0.021553
486	0.0250032
487	0.0280188
488	0.0221903
489	0.0268795
490	0.0255568
491	0.0275252
492	0.0243533
493	0.0242907
494	0.0251486
495	0.0261825
496	0.025182
498	0.0214646
499	0.0255873
500	0.0303261
501	0.0274302
502	0.0270778
503	0.0250981
504	0.0222505
505	0.0270376
507	0.0197302
508	0.02563
509	0.0226054
510	0.0314606
512	0.0246423
514	0.0239228
516	0.0240981
519	0.0231783
520	0.0255588
521	0.0260634
522	0.0171525
523	0.020373
524	0.0273275
525	0.0262285
527	0.0275975
528	0.0247532
529	0.0265176
530	0.0238373
531	0.0208716
533	0.0242403
534	0.0278875
535	0.0232371
536	0.0228847
538	0.0319863
539	0.0240911
540	0.0272361
542	0.0219151
543	0.0259247
544	0.0250185
545	0.0253482
546	0.025574
547	0.0259023
548	0.0196221
550	0.0255906
551	0.0173041
553	0.0230996
555	0.0348086
556	0.0244599
557	0.0259381
559	0.0255711
560	0.0214517
561	0.0263087
563	0.0240975
564	0.0244461
565	0.0245022
566	0.0282731
568	0.0273555
570	0.0249641
573	0.0253025
574	0.0246349
575	0.0262574
576	0.0236318
579	0.0209485
580	0.0273265
581	0.0283555
582	0.0288967
585	0.0288293
586	0.0213329
587	0.0286043
589	0.0271648
590	0.0208104
591	0.024503
594	0.0240658
595	0.0268586
596	0.0248754
598	0.0154563
601	0.0219044
602	0.0271752
603	0.0248762
604	0.0249048
606	0.0238024
607	0.0245951
608	0.0249086
609	0.0309799
610	0.027193
611	0.0276586
612	0.0235083
614	0.024456
615	0.0251184
616	0.0272501
617	0.0258694
619	0.0210252
620	0.0253746
621	0.0245658
622	0.0258583
623	0.0264517
624	0.0265316
627	0.0254531
629	0.0243078
630	0.0258892
631	0.0234265
632	0.0178991
634	0.0241171
636	0.0290877
637	0.0235107
638	0.0244137
639	0.027779
640	0.0270614
642	0.0203324
645	0.0240565
647	0.0263195
648	0.0196671
649	0.0253717
650	0.0218945
651	0.0275626
655	0.0293137
656	0.0257918
657	0.0239272
658	0.01936
659	0.0264282
660	0.0198854
661	0.0248347
663	0.0245658
665	0.019943
667	0.0242528
669	0.0244034
671	0.0253033
674	0.0252033
677	0.0282119
680	0.0246883
682	0.0232467
683	0.0213076
685	0.0255681
687	0.0256265
688	0.0218721
691	0.0234432
694	0.0255723
695	0.027822
697	0.0260981
698	0.0260506
699	0.0248584
700	0.0240757
702	0.0227262
703	0.030797
705	0.0203342
707	0.0183915
708	0.020069
710	0.0266598
711	0.0238516
712	0.0294044
715	0.0250388
716	0.0254118
717	0.0209109
718	0.0227671
721	0.0293881
722	0.0219188
723	0.0229393
724	0.0230242
726	0.0187639
727	0.0256671
728	0.0231425
729	0.0240495
730	0.0214496
731	0.0236401
733	0.0266664
734	0.0280587
735	0.0227567
736	0.0284561
743	0.0226338
746	0.0231476
749	0.0274556
751	0.0265083
756	0.0194548
757	0.0204054
758	0.0269599
760	0.0218464
765	0.0209381
766	0.0181125
768	0.0259982
769	0.0256637
770	0.027762
771	0.0239159
772	0.0276053
775	0.0271485
778	0.0198716
779	0.0212468
781	0.0236345
782	0.024687
783	0.0224131
784	0.031158
787	0.0227713
788	0.0224859
791	0.0225547
793	0.0266194
795	0.0251639
798	0.021794
799	0.0265997
800	0.0242886
803	0.0203362
806	0.0244158
809	0.0267084
813	0.0251426
816	0.0222866
817	0.0234758
818	0.0219732
819	0.0222176
821	0.0225761
825	0.0198321
828	0.0208133
829	0.0230657
830	0.018301
831	0.0251222
833	0.0230227
836	0.0224846
837	0.0196532
839	0.0248601
841	0.0200732
844	0.0217741
846	0.0284652
848	0.0243913
849	0.0183965
851	0.0175517
852	0.0142969
853	0.0236942
857	0.0252208
858	0.0257339
859	0.0236989
860	0.0222168
861	0.0271462
862	0.0274623
865	0.0254897
866	0.0272808
867	0.0206343
868	0.0260996
870	0.0188234
872	0.0233914
876	0.023607
882	0.0136132
883	0.0229504
892	0.0226163
894	0.023573
895	0.02571
899	0.0219663
901	0.0231115
906	0.0243164
912	0.0218695
914	0.0238606
915	0.0300971
918	0.023498
919	0.0239165
923	0.0249105
926	0.0179814
931	0.0167562
934	0.0219941
938	0.0233041
942	0.0223781
945	0.0225034
946	0.0204748
947	0.0226122
952	0.0190671
954	0.0264815
956	0.0192965
957	0.0240038
958	0.0223527
959	0.0201218
961	0.0221448
963	0.0239989
969	0.0236008
973	0.0227253
982	0.0181908
987	0.0264013
989	0.0218165
991	0.02501
993	0.0168717
995	0.0213487
1001	0.0171422
1004	0.0235489
1005	0.0245223
1006	0.023725
1008	0.0178723
1009	0.0150187
1010	0.0210348
1019	0.0207041
1023	0.0148935
1028	0.022442
1029	0.0213758
1032	0.0244873
1034	0.0227065
1039	0.0229218
1040	0.0227984
1042	0.0236855
1043	0.019712
1045	0.0214213
1049	0.0257163
1056	0.0136184
1067	0.0216115
1075	0.0236101
1076	0.0145983
1081	0.020819
1084	0.0228332
1085	0.0205205
1087	0.0205922
1088	0.0229883
1094	0.0243946
1096	0.0159731
1098	0.0211454
1099	0.0225391
1101	0.0244852
1102	0.0177961
1104	0.0218242
1109	0.0235263
1114	0.0226789
1115	0.0238829
1116	0.0220781
1120	0.022899
1123	0.0238826
1124	0.0230092
1129	0.0206502
1131	0.0224392
1132	0.0219618
1136	0.0214474
1144	0.0207819
1145	0.0253802
1146	0.0239511
1153	0.0215579
1156	0.0182905
1158	0.0261281
1163	0.0205919
1164	0.0217123
1166	0.0145776
1169	0.0199675
1172	0.0235959
1179	0.0228898
1181	0.0236358
1188	0.0222805
1199	0.0212144
1201	0.015171
1210	0.0230028
1213	0.0204037
1218	0.0228329
1228	0.0224992
1231	0.020195
1237	0.0171201
1241	0.0205908
1242	0.0212799
1247	0.016883
1263	0.0237685
1277	0.0188723
1279	0.0223557
1283	0.0160347
1290	0.0220183
1300	0.0227734
1306	0.0178944
1311	0.0221298
1312	0.0227295
1315	0.0210858
1317	0.0211183
1319	0.0213121
1325	0.0236751
1334	0.0219164
1341	0.0222383
1354	0.0213184
1357	0.0189665
1363	0.0209532
1371	0.0243505
1373	0.0201452
1382	0.0232895
1384	0.0217198
1386	0.020226
1389	0.0212753
1391	0.0200033
1405	0.0202262
1410	0.021234
1413	0.0199155
1416	0.0223772
1417	0.0237243
1420	0.0204961
1426	0.0190164
1431	0.0162535
1433	0.0200871
1446	0.0197276
1452	0.0216214
1455	0.021904
1468	0.0188025
1470	0.0195394
1478	0.0226528
1487	0.0209556
1520	0.0203741
1536	0.0195393
1542	0.0221785
1549	0.0191935
1565	0.0201028
1571	0.0153546
1593	0.0153703
1599	0.020723
1603	0.0184896
1623	0.0182053
1636	0.0204753
1639	0.0211534
1644	0.0215003
1650	0.0185255
1653	0.0199881
1656	0.018309
1660	0.0156461
1666	0.0187125
1680	0.0205297
1681	0.0193336
1692	0.0191789
1710	0.0178474
1712	0.0180464
1719	0.0204226
1728	0.0203822
1739	0.0192225
1753	0.0198327
1755	0.0186202
1770	0.0182424
1827	0.0154126
1834	0.0197683
1853	0.0196152
1862	0.0184387
1883	0.0195179
1887	0.0175708
1893	0.0178089
1959	0.0198874
1972	0.0168534
1975	0.0182502
2002	0.0157943
2008	0.0197035
2011	0.0172646
2016	0.0161045
2022	0.0172969
2030	0.0187956
2034	0.0175656
2037	0.01694
2047	0.0187147
2049	0.0177205
2052	0.0162217
2059	0.0174255
2096	0.0160592
2116	0.0189114
2136	0.018266
2156	0.0179431
2161	0.0192231
2191	0.0157059
2240	0.017354
2256	0.016333
2371	0.0125499
2380	0.0121508
2405	0.0168632
2407	0.0169524
2409	0.0143148
2465	0.0175154
2477	0.0170101
2490	0.0172738
2568	0.0159112
2639	0.0190026
2696	0.0124652
2766	0.0164857
2832	0.0163373
3052	0.0154974
3069	0.014635
3095	0.0142847
3516	0.0140953
4180	0.0124806
4250	0.011024
4396	0.0117258
4815	0.00835742
5681	0.0104234
