0 15903
1 5829
2 4975
3 4359
4 3822
5 3307
6 3001
7 2528
8 2300
9 2104
10 1913
11 1785
12 1565
13 1487
14 1316
15 1229
16 1196
17 1115
18 952
19 899
20 846
21 775
22 799
23 743
24 694
25 638
26 586
27 544
28 521
29 507
30 467
31 450
32 450
33 417
34 373
35 353
36 324
37 336
38 315
39 278
40 272
41 264
42 250
43 233
44 256
45 244
46 205
47 200
48 197
49 183
50 190
51 184
52 158
53 157
54 155
55 134
56 127
57 142
58 109
59 105
60 106
61 120
62 100
63 111
64 100
65 100
66 75
67 106
68 93
69 90
70 82
71 74
72 68
73 84
74 84
75 72
76 67
77 68
78 60
79 66
80 58
81 54
82 68
83 45
84 46
85 63
86 61
87 47
88 46
89 41
90 40
91 41
92 46
93 45
94 49
95 45
96 39
97 47
98 47
99 28
100 48
101 28
102 37
103 40
104 35
105 36
106 34
107 32
108 42
109 27
110 19
111 31
112 35
113 21
114 34
115 30
116 30
117 18
118 25
119 28
120 29
121 35
122 22
123 30
124 9
125 29
126 32
127 30
128 18
129 26
130 17
131 17
132 16
133 23
134 26
135 25
136 18
137 15
138 24
139 20
140 19
141 14
142 22
143 18
144 22
145 24
146 15
147 17
148 21
149 11
150 21
151 24
152 17
153 13
154 15
155 11
156 17
157 25
158 21
159 11
160 18
161 20
162 17
163 14
164 20
165 17
166 18
167 12
168 20
169 10
170 12
171 13
172 12
173 10
174 17
175 7
176 12
177 12
178 14
179 14
180 10
181 11
182 16
183 11
184 10
185 9
186 12
187 17
188 11
189 11
190 10
191 6
192 13
193 11
194 14
195 5
196 6
197 7
198 7
199 6
200 14
201 5
202 8
203 6
204 10
205 5
206 8
207 4
208 3
209 9
210 8
211 3
212 7
213 4
214 10
215 8
216 5
217 6
218 5
219 2
220 4
221 3
222 2
223 4
224 5
225 6
226 7
227 7
228 5
229 10
230 5
231 5
232 8
233 6
234 5
235 4
236 6
237 5
238 9
239 3
240 6
241 6
242 3
243 7
244 7
245 5
246 8
247 4
248 3
249 2
250 6
251 3
252 5
253 3
254 4
255 7
256 3
257 3
258 2
259 6
260 3
261 3
262 5
263 5
264 3
265 4
266 2
267 4
268 5
269 3
270 5
271 3
272 2
274 1
275 4
276 6
277 3
278 3
279 3
280 2
281 1
282 3
283 4
284 4
286 5
287 4
288 2
289 2
290 3
291 4
292 5
293 2
294 4
295 4
296 4
297 2
298 3
299 2
300 1
301 5
302 2
303 2
304 1
305 1
306 2
307 2
308 6
309 2
311 2
312 3
313 2
314 3
315 2
316 1
317 1
318 1
319 3
320 3
321 1
322 2
323 3
324 2
325 2
326 3
327 4
328 1
329 3
331 2
332 1
333 1
334 2
335 5
336 1
337 3
338 3
339 1
340 3
342 4
343 1
345 1
346 6
347 1
348 1
349 3
350 1
351 1
352 1
354 2
355 1
356 1
357 1
359 1
360 3
361 2
363 1
364 3
365 2
366 2
367 1
368 1
369 2
370 1
371 3
372 1
373 1
374 3
375 2
376 1
377 2
378 1
379 3
380 4
382 1
384 2
385 2
386 1
388 1
390 2
391 1
392 1
393 3
394 1
397 1
398 1
399 1
401 2
402 1
403 3
404 3
405 2
406 3
407 3
408 1
409 2
410 2
411 1
413 1
414 1
417 1
418 1
419 2
420 3
421 1
422 1
424 2
425 2
426 1
427 2
428 1
429 1
430 3
431 2
432 1
434 2
436 2
437 2
439 2
440 1
441 2
445 1
446 1
448 1
449 1
451 1
456 2
458 3
460 1
463 2
464 2
465 1
466 2
467 2
469 2
472 1
476 1
480 2
481 2
482 2
483 2
484 1
486 2
489 1
491 2
492 1
494 1
497 2
498 1
501 1
503 2
506 2
507 2
510 4
515 1
516 1
517 1
518 1
519 2
523 1
524 1
525 1
530 1
531 1
534 1
535 1
536 2
540 3
542 1
543 1
544 2
547 2
550 2
551 3
552 1
554 1
558 1
559 1
563 1
568 1
570 1
571 1
575 1
576 1
577 2
578 1
585 1
587 1
589 1
592 1
593 2
595 1
597 1
598 1
599 1
601 1
602 1
603 3
609 1
616 1
619 1
620 1
624 1
627 1
629 1
632 1
643 1
644 1
650 1
652 2
653 1
656 1
657 1
661 1
664 1
667 1
668 2
674 1
675 1
679 2
680 2
683 1
690 1
691 1
693 1
695 1
698 2
699 1
702 1
703 1
704 1
709 1
710 1
711 1
713 1
722 1
723 1
746 1
749 1
754 2
762 1
769 1
772 1
774 1
782 1
784 1
795 1
796 1
799 1
809 1
820 2
823 1
827 1
828 2
831 1
840 2
841 1
848 1
851 1
860 1
863 1
864 1
883 1
886 2
888 1
926 1
928 1
932 1
955 1
972 1
978 2
989 1
996 1
997 1
998 1
1001 1
1007 2
1009 1
1013 1
1021 2
1029 1
1041 1
1064 1
1077 1
1101 1
1102 1
1105 1
1117 1
1176 1
1211 1
1233 1
1250 1
1261 1
1301 1
1360 1
1363 1
1403 1
1433 1
1437 1
1605 1
1619 1
2040 1
