0 67053
1 6852
2 2392
3 1296
4 800
5 485
6 377
7 294
8 205
9 167
10 142
11 123
12 97
13 83
14 50
15 54
16 64
17 49
18 50
19 38
20 41
21 47
22 37
23 23
24 35
25 21
26 23
27 18
28 15
29 15
30 25
31 17
32 11
33 12
34 9
35 17
36 10
37 12
38 14
39 11
40 9
41 6
42 6
43 7
44 2
45 7
46 3
47 3
48 10
49 6
50 7
51 5
52 7
53 5
54 1
55 2
56 6
57 5
58 4
59 3
60 4
61 2
62 3
63 4
64 2
65 1
66 2
67 2
68 1
69 2
70 4
71 2
72 2
73 3
74 1
75 1
76 4
77 1
78 1
79 3
80 1
81 2
82 1
83 1
84 1
85 3
86 1
87 1
88 1
89 2
94 4
97 1
101 2
103 1
105 1
107 1
108 2
110 3
112 2
114 2
121 1
123 1
125 1
126 2
129 1
133 1
142 2
144 1
148 1
152 2
155 1
159 1
161 1
169 1
170 1
200 1
202 1
208 1
212 1
219 1
230 1
231 1
232 1
245 1
259 1
294 1
301 1
327 1
387 1
421 1
430 1
445 1
463 1
487 1
1072 1
1080 1
1081 1
1252 1
