0 13495
1 20190
2 6511
3 5565
4 4815
5 3845
6 3296
7 2632
8 2171
9 1841
10 1602
11 1353
12 1171
13 1015
14 882
15 816
16 796
17 638
18 601
19 559
20 476
21 412
22 362
23 382
24 319
25 318
26 296
27 255
28 249
29 205
30 205
31 176
32 154
33 154
34 150
35 153
36 146
37 116
38 108
39 120
40 95
41 99
42 85
43 71
44 78
45 74
46 70
47 89
48 62
49 57
50 54
51 57
52 54
53 52
54 58
55 45
56 45
57 47
58 36
59 47
60 53
61 33
62 36
63 32
64 28
65 28
66 25
67 16
68 28
69 18
70 30
71 17
72 21
73 20
74 24
75 17
76 22
77 24
78 19
79 19
80 17
81 22
82 26
83 25
84 15
85 14
86 11
87 8
88 11
89 13
90 12
91 17
92 11
93 8
94 17
95 10
96 12
97 14
98 12
99 5
100 9
101 12
102 8
103 7
104 11
105 15
106 14
107 10
108 9
109 10
110 10
111 9
112 7
113 6
114 4
115 10
116 5
117 4
118 8
119 12
120 6
121 5
122 5
123 13
124 8
125 8
126 8
127 10
128 11
129 6
130 4
131 3
132 3
133 4
134 4
135 7
136 4
137 5
138 3
139 8
140 4
141 3
142 3
143 5
144 2
145 5
146 4
147 6
148 5
149 5
150 7
151 3
153 4
154 3
155 2
157 6
158 3
159 3
160 2
161 4
162 3
163 3
164 3
165 4
166 7
167 2
168 3
169 2
170 1
171 3
172 3
173 4
174 5
175 6
176 6
177 3
178 6
179 3
180 3
182 5
183 3
184 4
185 3
186 5
187 3
188 2
190 2
191 3
193 3
194 3
196 1
197 2
198 3
200 2
202 2
203 1
204 1
206 1
207 1
208 3
209 3
210 2
212 3
213 2
214 2
216 1
217 4
219 1
220 2
221 2
222 2
223 1
224 1
226 1
229 1
231 2
232 2
234 1
235 3
236 3
237 2
238 1
240 1
246 1
247 1
250 2
255 2
256 1
258 1
263 2
265 2
267 1
269 1
276 2
278 3
279 1
280 1
281 1
282 1
283 1
284 1
285 1
287 1
290 1
293 2
298 1
299 1
301 1
302 1
303 2
304 2
305 1
310 1
311 1
312 1
313 1
321 1
329 1
333 1
336 1
338 1
339 1
343 1
349 2
352 1
353 1
354 1
357 1
366 1
370 1
372 1
373 1
375 1
382 2
384 1
385 1
387 1
388 1
391 1
392 1
394 1
396 1
398 1
399 1
400 2
402 1
405 1
406 2
412 1
417 1
421 1
424 2
431 1
437 1
447 1
454 1
458 1
473 1
475 1
479 1
482 2
490 1
492 1
493 1
498 1
509 1
513 1
515 1
531 1
532 1
546 1
557 1
558 1
561 1
588 1
597 1
599 1
604 1
610 1
612 1
615 1
616 1
628 1
640 1
641 1
645 1
646 1
656 1
689 1
702 1
733 1
740 1
751 1
773 1
775 1
817 1
820 1
840 1
844 1
904 1
958 1
1137 1
1170 1
1256 1
1560 1
1564 1
1672 1
1845 1
1951 1
