0 4197
1 29289
2 7316
3 5509
4 4630
5 3620
6 2914
7 2290
8 1882
9 1641
10 1438
11 1169
12 1071
13 952
14 837
15 729
16 680
17 577
18 581
19 510
20 453
21 394
22 364
23 366
24 344
25 289
26 292
27 278
28 264
29 232
30 239
31 218
32 217
33 205
34 170
35 179
36 156
37 155
38 129
39 131
40 146
41 134
42 120
43 128
44 103
45 94
46 110
47 102
48 88
49 82
50 87
51 103
52 82
53 74
54 62
55 77
56 56
57 73
58 54
59 48
60 46
61 50
62 56
63 57
64 55
65 48
66 45
67 53
68 35
69 46
70 34
71 42
72 29
73 29
74 41
75 48
76 33
77 30
78 42
79 32
80 35
81 24
82 36
83 29
84 27
85 30
86 22
87 18
88 30
89 19
90 27
91 18
92 25
93 17
94 18
95 19
96 19
97 24
98 17
99 19
100 25
101 16
102 21
103 21
104 13
105 17
106 16
107 13
108 10
109 11
110 14
111 15
112 11
113 15
114 11
115 9
116 12
117 10
118 12
119 12
120 10
121 9
122 7
123 18
124 11
125 13
126 9
127 10
128 10
129 10
130 12
131 7
132 8
133 6
134 10
135 8
136 7
137 4
138 16
139 9
140 10
141 5
142 7
143 10
144 3
145 6
146 12
147 11
148 6
150 4
151 10
152 7
153 2
154 7
155 7
156 7
157 8
158 6
159 11
160 9
161 5
162 7
163 5
164 10
165 5
166 8
167 6
168 6
169 2
170 2
171 4
172 8
173 9
174 2
175 2
176 5
177 3
178 8
179 6
180 3
181 6
182 4
183 3
184 1
185 3
186 3
187 2
188 7
189 4
190 5
191 5
192 3
193 6
194 5
195 5
196 2
197 2
198 6
199 4
200 2
201 3
202 3
203 3
204 1
205 3
206 4
207 7
209 3
210 3
211 3
212 4
213 5
214 1
215 3
216 3
217 3
218 3
219 4
220 3
221 2
222 2
223 3
224 4
226 1
227 2
228 1
229 3
230 2
231 1
232 2
233 5
234 3
235 1
236 4
237 5
239 3
240 2
241 3
242 4
243 2
244 4
246 3
247 1
248 1
249 1
250 3
251 2
252 3
253 4
254 6
255 1
256 2
257 3
258 4
259 5
261 1
262 1
263 1
264 1
265 2
266 2
268 2
269 2
270 2
272 2
273 4
274 1
275 3
276 2
278 1
279 2
282 3
285 1
286 2
288 2
290 1
292 3
293 2
294 2
295 2
297 3
298 3
299 2
300 1
301 1
302 5
303 1
305 1
307 3
308 1
309 1
310 1
312 1
313 1
314 2
316 1
318 2
319 1
321 1
322 1
323 1
325 2
327 2
328 1
329 2
330 1
331 1
332 1
334 1
335 2
336 1
338 1
342 1
343 1
344 1
347 3
349 2
352 1
353 1
354 1
355 1
356 1
359 2
360 2
362 3
365 2
366 1
369 2
370 1
371 1
375 1
377 1
378 1
380 1
385 1
389 1
390 2
394 2
400 1
401 1
402 1
403 1
404 1
409 1
413 1
415 1
417 2
418 2
420 2
425 1
429 1
431 1
432 1
436 2
440 1
444 2
447 1
451 1
455 1
462 1
468 2
480 1
483 2
484 1
488 1
489 2
491 1
492 1
498 1
500 1
501 1
504 1
508 1
509 1
513 1
516 1
517 2
519 1
521 1
523 1
526 1
531 1
539 1
541 1
558 1
567 1
571 1
575 1
581 1
583 1
584 1
588 1
589 1
596 1
604 1
606 1
610 1
613 1
614 1
622 1
623 1
628 2
631 1
633 1
635 1
637 1
642 1
653 1
659 1
675 2
676 1
681 1
684 1
688 1
690 1
694 1
702 1
709 2
718 1
728 1
732 1
737 1
773 1
776 1
777 1
780 1
792 1
795 1
797 1
821 1
838 1
846 2
856 1
863 1
865 1
871 1
872 1
875 1
876 1
901 1
914 1
918 1
945 1
955 1
978 1
1001 1
1010 1
1014 1
1043 1
1106 1
1118 1
1132 1
1133 1
1137 1
1174 1
1177 1
1189 1
1206 1
1214 1
1276 1
1329 2
1390 1
1418 1
1453 1
1470 1
1508 1
1762 1
1846 1
2039 1
2259 1
2314 1
2448 1
2840 1
3103 1
