0 8748
1 15915
2 1027
3 1937
4 2486
5 2534
6 2584
7 2517
8 2314
9 1976
10 1865
11 1778
12 1643
13 1500
14 1395
15 1351
16 1273
17 1148
18 1065
19 1046
20 982
21 921
22 841
23 839
24 790
25 718
26 680
27 607
28 595
29 588
30 543
31 520
32 531
33 512
34 448
35 428
36 401
37 411
38 407
39 374
40 323
41 371
42 321
43 323
44 312
45 305
46 286
47 255
48 255
49 263
50 236
51 231
52 213
53 195
54 201
55 182
56 176
57 176
58 179
59 174
60 165
61 181
62 141
63 158
64 141
65 139
66 144
67 123
68 132
69 103
70 118
71 127
72 121
73 126
74 102
75 104
76 100
77 93
78 83
79 120
80 92
81 116
82 85
83 96
84 65
85 93
86 61
87 66
88 67
89 62
90 67
91 78
92 67
93 71
94 73
95 55
96 55
97 58
98 55
99 54
100 48
101 58
102 51
103 62
104 47
105 53
106 37
107 53
108 44
109 48
110 43
111 45
112 46
113 43
114 38
115 47
116 39
117 36
118 48
119 46
120 28
121 24
122 34
123 24
124 29
125 35
126 40
127 38
128 22
129 27
130 25
131 33
132 45
133 32
134 31
135 22
136 26
137 30
138 35
139 25
140 32
141 34
142 23
143 27
144 31
145 29
146 29
147 20
148 23
149 22
150 16
151 30
152 18
153 19
154 29
155 19
156 24
157 16
158 22
159 20
160 20
161 19
162 19
163 15
164 18
165 18
166 20
167 25
168 25
169 21
170 22
171 28
172 18
173 11
174 16
175 19
176 13
177 11
178 14
179 9
180 15
181 20
182 15
183 14
184 10
185 16
186 15
187 12
188 13
189 16
190 20
191 16
192 14
193 7
194 16
195 17
196 23
197 16
198 14
199 14
200 9
201 10
202 9
203 9
204 10
205 15
206 12
207 12
208 14
209 9
210 13
211 16
212 17
213 10
214 15
215 15
216 8
217 6
218 8
219 9
220 14
221 9
222 14
223 15
224 6
225 13
226 13
227 11
228 11
229 10
230 9
231 11
232 10
233 12
234 7
235 12
236 4
237 15
238 6
239 6
240 10
241 9
242 3
243 5
244 6
245 13
246 11
247 11
248 9
249 7
250 7
251 7
252 10
253 8
254 8
255 6
256 9
257 5
258 9
259 8
260 5
261 6
262 4
263 8
264 5
265 8
266 9
267 3
268 5
269 4
270 6
271 7
272 7
273 5
274 5
275 5
277 3
278 7
279 5
280 2
281 4
282 7
283 4
284 5
285 4
286 5
287 3
288 8
289 8
290 9
291 3
292 4
293 3
294 1
295 8
296 3
297 4
298 3
299 9
300 2
301 5
302 5
303 1
304 3
305 7
306 3
307 3
308 6
309 5
310 5
311 3
312 3
313 9
314 2
315 3
316 5
317 1
319 3
320 4
321 1
323 3
324 2
325 5
326 2
327 2
328 2
329 4
330 3
331 1
332 6
333 2
335 1
336 3
337 3
338 1
339 2
340 4
341 5
342 3
343 3
344 1
345 2
346 1
347 1
348 2
349 3
350 2
351 2
352 5
353 1
355 2
356 2
357 3
358 4
359 2
360 4
362 3
363 3
364 1
365 4
367 4
368 1
369 1
370 3
371 3
372 5
373 2
374 3
375 4
376 3
377 1
378 3
379 1
380 2
381 3
382 3
383 1
384 3
385 1
387 3
388 1
389 1
390 3
391 3
392 1
394 1
396 2
397 1
398 3
400 1
401 2
402 3
403 1
405 4
406 2
407 1
408 3
409 3
410 1
412 1
413 1
415 3
416 1
417 1
418 2
419 3
420 2
421 3
422 1
423 1
424 1
425 2
426 2
428 3
429 2
431 3
432 4
433 3
434 3
436 1
437 4
438 1
439 1
440 3
441 2
442 1
444 5
446 2
447 1
448 1
449 2
450 2
452 3
453 2
454 3
456 2
457 1
458 2
459 2
460 2
461 2
462 1
463 1
464 3
465 1
466 1
468 2
469 1
470 2
471 1
474 1
475 1
476 2
477 1
478 2
479 5
480 2
481 1
482 1
483 1
485 1
486 1
487 2
488 1
489 1
490 5
491 1
492 1
494 1
495 1
496 1
497 2
500 1
503 2
505 1
506 2
509 2
513 1
514 1
516 1
519 1
520 2
523 2
526 2
528 1
530 3
531 2
533 1
534 1
535 2
536 1
537 2
540 2
543 1
544 1
545 3
546 3
549 2
550 1
553 1
559 1
560 1
561 2
562 1
563 1
564 1
565 1
566 1
569 1
570 1
571 1
574 2
575 1
578 1
581 1
584 1
586 1
588 1
589 1
591 1
592 2
593 2
599 1
603 2
605 1
609 1
610 1
615 2
616 1
618 1
620 1
622 1
623 2
625 1
626 1
627 1
628 1
630 1
632 2
638 1
639 1
641 1
642 1
643 1
644 2
647 2
649 3
651 2
656 1
663 2
665 1
673 1
677 1
679 1
680 1
683 2
687 1
690 1
691 3
692 1
693 3
694 2
699 1
701 1
704 1
705 1
708 1
709 1
713 1
715 2
717 1
718 1
719 2
724 1
734 2
735 1
738 1
740 1
753 1
755 1
759 2
767 1
770 1
776 1
779 1
781 1
788 1
793 1
797 1
798 1
805 1
806 1
807 1
815 1
823 1
826 1
827 1
830 1
840 1
841 1
847 1
848 1
855 1
857 2
865 1
866 1
867 1
882 2
884 1
888 1
898 1
901 1
905 1
906 1
910 1
912 2
919 1
922 2
933 1
949 1
950 2
955 1
960 1
972 1
984 1
989 1
992 1
993 1
994 1
997 1
1004 1
1009 1
1012 1
1014 1
1019 1
1024 1
1027 1
1036 1
1042 1
1057 1
1061 1
1062 2
1076 1
1122 1
1168 1
1169 1
1177 1
1188 1
1220 1
1226 1
1253 1
1262 1
1266 1
1276 1
1366 1
1369 1
1382 1
1450 1
1456 1
1469 1
1474 1
1651 1
1681 1
1871 1
2047 1
2109 1
2317 1
2589 1
3669 1
4363 1
10117 1
