0 15923
1 5634
2 5154
3 4336
4 3741
5 3246
6 2898
7 2614
8 2353
9 2043
10 1813
11 1756
12 1630
13 1524
14 1358
15 1275
16 1166
17 1096
18 986
19 905
20 904
21 861
22 712
23 726
24 646
25 669
26 606
27 543
28 533
29 497
30 514
31 443
32 417
33 371
34 384
35 362
36 331
37 321
38 296
39 275
40 289
41 303
42 250
43 239
44 241
45 228
46 206
47 206
48 201
49 194
50 202
51 167
52 154
53 154
54 131
55 157
56 151
57 140
58 136
59 117
60 120
61 111
62 105
63 99
64 101
65 92
66 105
67 98
68 98
69 89
70 87
71 61
72 66
73 70
74 73
75 75
76 71
77 60
78 69
79 45
80 69
81 57
82 53
83 69
84 46
85 56
86 43
87 48
88 49
89 48
90 44
91 60
92 51
93 52
94 41
95 39
96 35
97 40
98 41
99 32
100 36
101 44
102 36
103 35
104 34
105 33
106 39
107 37
108 28
109 40
110 41
111 28
112 25
113 27
114 31
115 30
116 41
117 25
118 32
119 35
120 14
121 24
122 29
123 34
124 21
125 16
126 23
127 20
128 31
129 22
130 23
131 19
132 18
133 35
134 19
135 20
136 16
137 19
138 27
139 20
140 22
141 27
142 16
143 20
144 15
145 21
146 19
147 15
148 19
149 21
150 20
151 20
152 8
153 15
154 15
155 10
156 12
157 17
158 17
159 27
160 15
161 15
162 17
163 12
164 18
165 9
166 12
167 19
168 15
169 13
170 13
171 14
172 19
173 12
174 9
175 14
176 12
177 18
178 16
179 6
180 11
181 11
182 16
183 5
184 13
185 5
186 13
187 4
188 16
189 9
190 10
191 11
192 16
193 13
194 10
195 8
196 11
197 9
198 9
199 11
200 11
201 6
202 7
203 10
204 8
205 9
206 6
207 8
208 7
209 2
210 5
211 5
212 11
213 6
214 2
215 6
216 6
217 10
218 6
219 2
220 8
221 7
222 5
223 9
224 5
225 6
226 9
227 4
228 4
229 5
230 7
231 6
232 11
233 4
234 5
235 6
236 2
237 3
238 8
239 7
240 8
241 8
242 3
243 4
244 5
245 3
246 6
247 4
248 7
249 2
250 5
251 3
252 4
253 5
254 4
255 1
256 1
257 5
258 6
259 5
260 4
261 5
262 3
263 2
264 5
265 4
266 1
267 2
268 2
269 2
270 6
271 3
272 3
273 5
274 4
275 5
276 4
277 7
278 2
279 3
280 4
281 4
282 3
283 4
284 3
287 1
288 4
289 4
290 2
291 1
292 2
293 5
294 7
295 5
296 1
297 4
298 2
299 2
300 3
301 3
302 2
303 2
304 1
306 1
307 1
308 4
309 2
310 2
311 2
312 1
313 3
314 6
316 2
317 3
318 1
319 1
320 4
321 1
322 5
323 2
324 3
325 2
326 4
327 1
328 2
329 1
330 2
331 1
332 2
333 2
334 1
336 2
337 2
338 3
339 1
340 2
341 1
342 2
343 1
346 1
347 3
348 2
350 1
351 3
352 4
353 2
354 1
355 1
356 3
358 5
359 2
361 2
363 1
364 2
365 2
366 2
368 2
369 2
370 3
371 4
372 1
374 2
375 2
376 1
377 1
378 2
379 2
380 2
381 2
383 1
385 2
386 4
387 2
388 2
389 1
390 2
392 1
393 1
394 1
395 2
396 1
397 2
398 1
399 1
400 2
401 1
402 1
403 1
404 1
406 3
407 2
408 2
410 3
411 2
412 6
413 1
414 3
415 1
416 2
417 1
418 1
421 1
422 1
423 1
425 1
427 1
428 2
430 2
431 1
432 1
433 1
434 3
435 3
436 3
437 1
441 1
442 1
443 2
445 1
446 2
447 2
449 1
454 1
456 3
457 1
459 3
461 1
465 1
466 1
467 1
468 2
469 2
470 1
471 2
472 1
474 1
475 1
476 2
479 1
480 1
481 3
482 3
483 1
484 1
488 2
489 1
492 1
493 2
494 2
497 1
498 2
500 1
502 1
509 2
511 1
512 1
514 1
516 1
517 1
518 2
521 1
522 1
523 2
524 1
527 2
528 1
531 1
535 1
537 1
538 1
540 1
541 1
544 2
545 1
547 1
548 2
550 2
553 2
554 1
555 1
557 1
558 1
562 2
563 1
565 1
568 1
581 1
582 1
584 1
585 1
589 1
591 1
594 1
597 1
599 2
601 1
602 1
603 2
604 1
607 2
609 1
611 1
613 1
617 1
621 1
625 1
627 1
628 1
631 2
632 1
633 1
637 1
646 1
649 1
652 2
655 1
661 1
664 1
666 1
668 1
671 1
677 1
680 1
686 1
693 2
694 3
695 1
697 1
698 1
699 1
702 1
704 1
705 1
707 1
709 1
710 1
716 1
717 1
721 2
723 1
729 1
746 1
752 1
753 1
754 2
757 1
761 1
770 1
775 1
777 1
778 1
789 1
790 1
796 1
797 1
803 1
809 1
811 1
815 1
816 1
817 1
820 1
822 1
832 1
839 1
848 1
858 1
859 1
862 1
865 1
871 1
879 1
920 1
928 1
940 1
946 1
949 1
953 1
962 1
973 1
979 2
995 1
1003 1
1009 1
1013 1
1014 1
1015 1
1019 1
1026 1
1031 1
1057 1
1058 1
1082 2
1091 1
1094 1
1120 1
1141 1
1152 1
1157 1
1200 1
1214 1
1277 1
1311 1
1326 1
1339 1
1343 1
1423 1
1444 1
1455 1
1579 1
1619 1
2193 1
