0 55711
1 10966
2 4572
3 2562
4 1568
5 1092
6 869
7 633
8 453
9 376
10 357
11 251
12 188
13 181
14 148
15 125
16 114
17 114
18 102
19 76
20 77
21 56
22 42
23 45
24 48
25 32
26 34
27 35
28 30
29 24
30 26
31 25
32 26
33 34
34 25
35 18
36 11
37 13
38 18
39 11
40 4
41 11
42 9
43 5
44 15
45 6
46 3
47 6
48 8
49 4
50 6
51 4
52 3
53 3
54 5
55 5
56 2
57 2
58 5
59 3
60 5
61 3
62 2
63 2
64 3
65 3
66 2
67 3
68 2
69 1
72 6
73 1
74 1
75 4
76 1
77 3
78 2
80 2
82 1
83 1
84 2
86 1
87 1
88 1
90 2
91 2
92 2
93 2
95 1
96 2
98 1
101 1
103 1
105 1
106 1
107 1
108 1
109 1
110 1
111 1
112 1
116 1
119 1
123 1
124 2
126 1
133 1
137 1
139 1
144 1
147 1
148 1
153 1
155 1
159 1
161 1
165 1
168 1
171 1
175 1
179 1
184 1
196 1
201 1
211 1
215 1
218 1
246 1
255 1
264 1
278 1
284 1
311 1
334 1
637 1
