0 20934
1 17707
2 9947
3 6594
4 4531
5 3442
6 2637
7 2114
8 1726
9 1310
10 1118
11 983
12 811
13 729
14 613
15 558
16 456
17 430
18 352
19 292
20 279
21 256
22 224
23 182
24 192
25 150
26 153
27 153
28 118
29 96
30 121
31 107
32 88
33 86
34 76
35 73
36 74
37 54
38 70
39 60
40 56
41 41
42 52
43 60
44 35
45 33
46 36
47 37
48 39
49 21
50 35
51 24
52 33
53 32
54 27
55 27
56 22
57 21
58 21
59 22
60 16
61 27
62 15
63 28
64 14
65 19
66 18
67 24
68 16
69 9
70 14
71 7
72 13
73 9
74 6
75 14
76 8
77 12
78 7
79 6
80 15
81 12
82 7
83 8
84 12
85 18
86 6
87 9
88 9
89 11
90 12
91 11
92 4
93 9
94 4
95 3
96 2
97 8
98 6
99 7
100 2
101 5
102 5
103 4
104 5
105 5
106 5
107 7
108 6
109 4
110 4
111 3
112 3
113 5
114 6
115 3
116 3
117 2
118 3
120 2
121 1
122 2
123 4
124 2
125 5
126 3
128 1
129 3
131 1
132 1
133 1
134 2
135 4
136 3
137 2
138 3
139 1
140 2
141 1
142 2
144 3
145 2
146 1
147 1
148 2
149 4
151 2
152 1
153 1
155 2
156 2
157 2
158 1
159 4
160 1
166 2
167 2
169 2
170 3
171 2
172 1
173 2
177 1
178 1
182 1
183 1
188 1
190 1
191 3
194 2
196 1
198 1
200 2
201 1
203 3
204 1
209 1
210 1
212 4
213 1
216 1
218 2
219 1
222 2
223 2
224 1
227 2
229 1
230 1
231 1
233 1
236 1
237 2
240 1
241 1
244 1
247 1
248 1
251 3
253 1
255 1
258 1
262 1
268 1
275 1
276 1
279 1
281 1
284 1
286 1
293 1
296 1
304 1
308 1
309 1
310 2
311 1
316 1
328 1
329 1
330 2
334 1
335 1
336 1
345 1
348 1
349 1
351 1
354 1
357 1
372 2
392 2
395 1
399 1
400 1
411 1
422 1
429 1
432 1
444 1
452 1
470 1
474 1
483 1
496 1
510 1
553 1
644 1
696 1
837 1
1009 1
1014 1
1053 1
1074 1
1231 1
