0 4201
1 17207
2 5076
3 5442
4 4947
5 4365
6 3810
7 3242
8 2760
9 2468
10 2181
11 1890
12 1698
13 1443
14 1305
15 1201
16 1063
17 900
18 860
19 772
20 690
21 635
22 639
23 577
24 535
25 470
26 414
27 416
28 392
29 378
30 322
31 336
32 264
33 271
34 277
35 267
36 220
37 230
38 201
39 205
40 194
41 195
42 187
43 179
44 161
45 165
46 152
47 149
48 155
49 123
50 134
51 163
52 94
53 110
54 118
55 104
56 118
57 102
58 103
59 74
60 89
61 84
62 88
63 87
64 88
65 89
66 64
67 72
68 90
69 87
70 69
71 63
72 51
73 54
74 55
75 59
76 69
77 71
78 46
79 43
80 39
81 51
82 56
83 51
84 54
85 46
86 37
87 45
88 47
89 33
90 36
91 41
92 36
93 43
94 37
95 28
96 29
97 32
98 41
99 31
100 20
101 21
102 28
103 32
104 37
105 18
106 32
107 23
108 16
109 17
110 27
111 18
112 17
113 20
114 24
115 12
116 27
117 12
118 24
119 19
120 28
121 14
122 27
123 20
124 16
125 17
126 20
127 18
128 18
129 23
130 12
131 9
132 10
133 15
134 12
135 11
136 16
137 8
138 11
139 13
140 16
141 15
142 15
143 13
144 14
145 10
146 8
147 13
148 12
149 9
150 7
151 10
152 10
153 6
154 12
155 12
156 8
157 11
158 8
159 5
160 5
161 10
162 9
163 6
164 7
165 7
166 5
167 3
168 8
169 7
170 5
171 4
172 9
173 3
174 7
175 8
176 8
177 10
178 4
179 4
180 8
181 4
182 8
183 12
184 8
185 6
186 2
187 3
188 12
189 3
190 9
191 3
192 2
193 6
194 4
195 7
196 10
197 5
198 5
199 4
200 6
201 2
202 2
203 7
204 3
205 8
206 4
207 5
208 3
209 3
210 6
211 4
212 5
213 2
214 5
215 2
216 7
217 7
218 3
219 3
220 5
221 3
222 1
223 2
224 1
225 4
226 3
227 2
228 4
229 2
230 2
231 5
232 5
233 1
234 7
236 6
237 1
238 5
239 2
241 5
242 4
243 6
244 3
246 3
247 5
248 5
249 1
250 3
252 6
253 1
254 2
255 3
256 3
257 1
259 3
260 3
261 1
262 1
263 2
265 5
266 1
267 3
268 3
270 2
272 4
273 4
274 2
276 3
277 2
278 5
279 2
280 2
281 2
282 5
283 1
284 3
287 4
288 1
290 1
292 2
294 3
295 3
298 1
301 1
302 1
305 1
306 1
307 1
308 1
309 2
310 1
311 5
313 1
314 1
315 3
321 2
323 2
324 2
325 1
328 2
329 1
330 2
333 1
334 1
336 1
337 1
338 1
339 1
340 1
343 2
344 2
345 2
346 1
347 1
350 1
352 1
353 1
354 1
355 2
357 2
360 2
362 2
363 1
364 2
365 2
370 1
372 1
375 1
376 1
379 2
380 1
381 1
383 1
385 2
386 1
390 1
394 2
395 2
396 1
398 1
399 1
404 1
405 1
411 1
414 1
416 2
419 1
420 1
423 1
424 1
426 2
429 1
433 1
434 1
436 1
438 2
442 1
445 1
446 1
448 1
449 1
451 1
458 1
460 2
465 1
467 1
469 1
470 1
471 1
481 1
488 1
493 1
494 1
495 2
499 1
503 2
505 1
508 1
509 1
514 1
517 1
522 1
524 2
534 1
539 1
545 1
546 1
550 1
551 1
552 1
556 1
558 1
569 1
570 1
575 1
576 1
584 2
587 1
588 1
593 1
595 1
598 1
602 2
603 1
605 1
610 1
627 1
636 1
640 1
641 2
643 1
660 1
669 1
685 1
686 1
690 1
691 1
699 1
702 1
705 1
711 1
712 1
738 1
743 1
746 1
765 2
768 1
779 1
785 1
790 1
798 1
816 1
818 1
828 1
855 1
856 1
860 1
865 1
867 1
881 1
884 1
906 1
911 1
913 1
920 1
936 1
942 1
968 1
1008 1
1036 1
1093 1
1125 1
1139 1
1149 1
1157 1
1164 1
1184 1
1193 1
1202 1
1262 1
1284 1
1291 1
1299 1
1320 1
1401 1
1437 1
1647 1
1776 1
1804 1
2006 1
2193 1
2292 1
2510 1
2774 1
