0 15836
1 5541
2 5007
3 4299
4 3627
5 3233
6 2887
7 2543
8 2269
9 2026
10 1911
11 1662
12 1580
13 1459
14 1331
15 1263
16 1239
17 1067
18 994
19 927
20 883
21 871
22 782
23 694
24 693
25 629
26 637
27 568
28 525
29 521
30 514
31 460
32 463
33 431
34 351
35 383
36 353
37 355
38 342
39 275
40 295
41 287
42 238
43 280
44 252
45 231
46 216
47 222
48 188
49 197
50 190
51 181
52 172
53 171
54 157
55 154
56 138
57 132
58 130
59 142
60 126
61 114
62 119
63 106
64 118
65 98
66 92
67 118
68 81
69 85
70 82
71 96
72 66
73 64
74 81
75 76
76 80
77 74
78 68
79 67
80 71
81 73
82 79
83 59
84 56
85 58
86 52
87 46
88 59
89 55
90 52
91 34
92 39
93 28
94 40
95 34
96 48
97 47
98 39
99 49
100 44
101 29
102 47
103 47
104 39
105 36
106 40
107 48
108 29
109 28
110 30
111 34
112 28
113 29
114 25
115 38
116 28
117 31
118 19
119 29
120 21
121 31
122 29
123 25
124 25
125 27
126 28
127 24
128 22
129 28
130 20
131 16
132 24
133 16
134 30
135 31
136 17
137 25
138 26
139 24
140 22
141 29
142 22
143 21
144 20
145 14
146 22
147 12
148 17
149 30
150 24
151 20
152 20
153 18
154 18
155 15
156 24
157 18
158 20
159 14
160 22
161 19
162 12
163 18
164 10
165 10
166 23
167 16
168 9
169 18
170 14
171 22
172 11
173 9
174 11
175 8
176 12
177 6
178 15
179 10
180 10
181 20
182 16
183 18
184 12
185 11
186 9
187 11
188 15
189 8
190 12
191 9
192 15
193 14
194 9
195 14
196 10
197 11
198 10
199 5
200 8
201 12
202 8
203 6
204 11
205 6
206 6
207 7
208 12
209 4
210 8
211 8
212 5
213 9
214 5
215 6
216 10
217 6
218 6
219 4
220 3
221 7
222 8
223 7
224 6
225 13
226 3
227 5
228 8
229 7
230 5
231 6
232 8
233 3
234 7
235 5
236 5
237 6
238 12
239 4
240 2
241 6
242 5
243 7
244 3
245 7
246 1
247 6
248 7
249 2
250 5
251 1
252 5
253 3
254 4
255 2
256 1
257 3
258 1
259 4
260 4
261 8
262 7
263 6
264 3
265 5
266 4
267 3
268 5
269 6
270 3
271 2
272 5
273 5
274 5
275 4
276 7
277 4
278 6
279 3
280 2
281 7
282 1
283 4
284 5
285 5
286 4
287 3
288 4
289 2
290 2
291 2
295 5
296 3
297 3
298 1
299 3
300 1
301 4
302 4
303 3
304 2
305 1
306 1
307 4
309 2
310 4
311 1
312 3
313 3
314 3
315 4
316 2
317 3
318 1
319 3
320 4
321 4
322 4
323 5
324 3
325 2
326 6
327 3
328 3
329 2
331 4
332 2
333 2
334 2
335 3
336 3
337 2
339 3
340 4
341 1
343 3
344 2
349 2
350 2
351 2
353 2
354 1
355 2
356 1
358 3
359 3
360 1
361 2
363 4
364 3
365 3
366 1
368 3
369 4
370 1
371 2
372 4
373 1
374 1
377 2
378 7
380 1
381 3
382 1
383 1
384 2
387 1
388 2
389 1
391 3
393 2
394 1
395 1
396 4
397 1
398 2
399 1
400 3
401 3
402 1
403 1
404 1
406 2
408 5
409 1
410 3
411 1
413 2
416 1
417 1
418 1
420 1
421 2
422 2
425 1
428 2
429 2
431 2
432 2
434 4
435 3
436 3
437 2
438 4
439 2
440 1
441 1
442 2
443 1
444 1
445 1
446 1
448 1
449 1
450 2
452 1
453 1
454 2
460 1
461 1
462 2
463 1
464 1
467 1
470 1
471 3
474 1
475 3
477 1
479 2
482 1
484 3
488 1
489 2
491 1
495 1
498 3
499 1
503 1
504 1
505 2
507 1
511 1
512 2
513 2
516 1
517 1
521 3
522 3
523 2
526 1
529 1
531 1
532 1
533 2
538 2
539 2
540 1
541 1
542 1
545 1
547 1
549 1
552 2
554 2
555 1
557 1
558 1
564 1
572 1
577 1
580 1
581 2
584 1
586 2
588 1
589 2
590 1
594 1
595 1
598 1
601 2
602 1
609 1
611 2
612 1
614 1
616 1
618 2
619 1
621 1
627 1
629 1
630 1
633 1
635 2
643 1
644 1
648 1
650 1
653 1
660 1
663 1
665 2
670 1
672 2
677 1
678 1
679 2
680 1
682 1
683 1
687 2
696 1
697 1
699 2
700 1
702 1
706 1
709 1
710 1
717 1
718 1
722 1
725 1
728 1
731 1
733 1
736 1
737 1
744 1
747 1
750 1
760 1
761 1
765 2
766 1
772 2
779 1
784 1
797 1
801 1
805 1
810 1
813 1
817 1
826 1
829 1
833 1
835 2
842 1
844 1
845 3
855 2
862 1
885 1
904 1
922 1
925 1
928 1
937 1
940 1
956 1
960 1
962 1
970 1
971 1
978 1
980 1
994 1
1001 1
1006 1
1008 1
1009 2
1027 1
1030 1
1041 1
1053 1
1070 1
1108 1
1128 1
1152 1
1158 1
1171 1
1236 1
1245 1
1275 1
1309 1
1343 1
1403 1
1478 1
1529 1
1959 1
