0 10740
1 17274
2 10706
3 7041
4 5223
5 3947
6 3280
7 2680
8 2188
9 1765
10 1515
11 1326
12 1160
13 997
14 874
15 789
16 702
17 655
18 548
19 543
20 487
21 401
22 399
23 341
24 344
25 290
26 263
27 248
28 208
29 239
30 205
31 175
32 154
33 153
34 162
35 137
36 124
37 113
38 110
39 97
40 89
41 104
42 90
43 76
44 74
45 85
46 74
47 58
48 70
49 61
50 54
51 44
52 51
53 58
54 33
55 39
56 47
57 39
58 46
59 36
60 35
61 33
62 37
63 25
64 32
65 30
66 44
67 29
68 27
69 28
70 21
71 19
72 18
73 22
74 23
75 18
76 14
77 20
78 19
79 17
80 18
81 20
82 18
83 24
84 15
85 17
86 21
87 11
88 12
89 14
90 15
91 10
92 20
93 18
94 10
95 14
96 15
97 11
98 8
99 11
100 8
101 6
102 9
103 8
104 6
105 15
106 13
107 16
108 4
109 10
110 7
111 2
112 11
113 8
114 6
115 3
116 8
117 13
118 4
119 5
120 14
121 7
122 11
123 4
124 7
125 2
126 10
127 7
128 6
129 3
130 6
131 10
132 2
133 6
134 5
135 5
136 6
137 4
138 3
139 5
140 5
141 7
142 2
143 5
144 6
145 3
146 7
147 5
148 3
149 4
150 5
151 2
152 3
153 6
154 8
155 1
156 2
157 5
158 2
159 1
160 3
161 4
162 4
163 4
164 2
165 1
166 5
167 1
168 2
169 1
171 4
172 4
173 2
174 1
175 5
176 2
177 6
178 2
179 3
180 1
181 4
182 2
184 2
185 1
186 1
187 1
188 2
189 1
190 1
191 6
192 3
193 5
194 3
195 1
196 2
197 1
199 3
200 2
201 2
202 3
203 3
204 1
205 2
206 2
207 1
208 1
209 1
210 4
211 1
215 1
219 3
221 1
222 1
224 1
225 1
226 1
227 1
230 3
232 2
233 1
236 1
238 2
241 1
242 4
244 1
245 4
246 1
248 2
249 3
251 2
252 1
255 1
256 2
262 1
264 3
265 1
267 2
269 1
270 1
272 1
273 1
274 1
278 1
279 1
280 1
281 3
284 1
292 1
293 1
295 1
297 1
300 1
302 1
306 1
307 2
311 1
313 1
315 1
316 1
319 1
322 2
324 1
325 2
327 1
329 2
330 1
339 1
345 1
348 1
350 1
356 2
361 1
362 1
368 1
369 3
370 2
373 1
376 1
377 1
384 2
386 1
391 2
392 1
393 1
394 1
397 1
398 1
412 1
417 1
424 1
428 1
431 1
441 1
442 1
444 1
456 1
457 1
459 1
464 1
469 1
473 1
481 1
489 1
497 1
500 1
503 2
507 1
518 1
531 1
533 1
535 1
543 2
545 1
560 2
574 1
575 1
576 1
589 1
598 1
603 1
616 2
628 1
632 1
636 1
643 2
648 1
650 1
660 1
705 1
744 1
758 2
763 1
766 1
814 1
840 1
847 1
855 1
858 1
883 1
951 1
1101 1
1179 1
1276 1
1617 1
1627 1
1679 1
1880 1
1952 1
