0 15956
1 5765
2 5091
3 4403
4 3739
5 3302
6 2866
7 2651
8 2318
9 2044
10 1914
11 1711
12 1614
13 1484
14 1301
15 1251
16 1185
17 1075
18 979
19 980
20 884
21 793
22 678
23 766
24 715
25 655
26 586
27 547
28 515
29 494
30 464
31 473
32 394
33 406
34 355
35 316
36 353
37 345
38 328
39 315
40 272
41 274
42 267
43 219
44 199
45 221
46 205
47 215
48 198
49 184
50 189
51 186
52 163
53 179
54 145
55 134
56 137
57 146
58 113
59 112
60 119
61 130
62 109
63 91
64 105
65 89
66 93
67 96
68 83
69 75
70 83
71 74
72 78
73 75
74 86
75 59
76 60
77 68
78 70
79 74
80 61
81 58
82 57
83 41
84 49
85 56
86 54
87 48
88 51
89 42
90 47
91 60
92 39
93 47
94 41
95 34
96 38
97 32
98 26
99 46
100 42
101 30
102 30
103 45
104 36
105 45
106 27
107 36
108 29
109 27
110 36
111 31
112 33
113 39
114 27
115 21
116 26
117 31
118 26
119 22
120 27
121 19
122 29
123 38
124 33
125 24
126 32
127 21
128 34
129 19
130 19
131 24
132 27
133 28
134 29
135 20
136 26
137 27
138 22
139 11
140 30
141 20
142 20
143 25
144 16
145 23
146 20
147 11
148 23
149 15
150 26
151 14
152 13
153 15
154 14
155 17
156 9
157 13
158 20
159 12
160 16
161 13
162 15
163 13
164 14
165 10
166 10
167 13
168 12
169 12
170 18
171 15
172 9
173 10
174 12
175 8
176 16
177 10
178 16
179 6
180 7
181 15
182 16
183 16
184 13
185 14
186 11
187 13
188 16
189 7
190 9
191 12
192 3
193 7
194 12
195 7
196 10
197 12
198 2
199 3
200 8
201 13
202 7
203 13
204 8
205 8
206 11
207 6
208 13
209 6
210 9
211 6
212 4
213 5
214 7
215 7
216 6
217 11
218 7
219 4
220 5
221 8
222 5
223 5
224 3
225 7
226 8
227 3
228 6
229 10
230 4
231 9
232 3
233 6
234 3
235 6
236 2
237 7
238 2
239 1
240 7
241 2
242 6
243 2
244 1
245 4
246 4
247 5
248 3
249 5
250 5
251 3
252 5
253 1
254 8
255 5
256 6
257 6
258 6
259 5
260 5
261 6
262 6
263 4
264 4
265 6
266 1
267 4
268 5
269 3
270 2
271 4
272 4
273 1
274 4
275 2
276 3
277 6
279 5
280 1
281 4
282 5
283 1
284 2
285 4
287 2
288 3
289 3
290 1
292 1
293 4
294 2
295 4
296 1
297 1
298 2
299 1
301 2
302 3
303 2
304 2
305 6
306 1
307 4
308 2
310 2
311 5
312 1
313 2
314 3
315 3
316 3
317 4
318 5
319 4
320 2
322 1
323 5
324 1
325 1
326 2
327 1
328 5
331 2
332 5
333 2
334 2
335 3
336 1
337 1
338 3
339 3
340 2
341 2
344 1
345 3
346 3
347 5
348 1
350 3
351 2
352 4
353 1
354 1
356 2
357 2
358 4
359 2
360 2
361 3
363 2
364 2
365 2
366 5
367 4
368 1
369 1
370 3
371 1
374 2
375 1
376 2
377 1
379 2
380 1
381 1
382 3
385 3
387 1
388 2
392 1
393 1
395 1
396 3
397 2
398 1
400 1
401 3
402 1
404 2
405 3
406 2
407 2
408 3
409 1
411 2
414 1
415 2
416 1
417 1
418 1
419 1
420 3
421 3
422 1
425 2
426 1
427 1
428 3
429 1
430 3
431 1
432 2
433 2
435 1
436 2
437 1
439 1
440 1
442 1
443 1
444 1
445 1
446 1
447 2
448 1
451 3
455 1
456 2
460 1
461 1
463 1
466 2
467 1
468 1
469 2
471 2
476 1
478 1
479 1
481 1
482 2
486 3
487 1
488 1
493 1
494 2
495 1
496 2
498 1
500 1
501 2
502 3
503 1
505 1
509 1
512 1
515 1
516 2
517 1
518 1
520 1
522 1
524 2
528 1
529 1
533 2
534 4
535 2
537 1
538 2
539 1
540 2
542 1
545 1
546 1
547 1
548 1
549 1
552 1
558 2
562 1
564 1
568 1
571 1
574 1
575 1
577 1
580 2
583 1
584 1
586 2
593 1
598 2
604 4
606 1
607 1
608 1
609 1
620 2
622 1
623 1
625 1
632 2
633 1
636 1
639 2
643 1
648 1
650 3
665 1
671 1
674 2
675 1
676 2
679 1
684 1
689 1
690 1
693 1
696 1
699 2
700 1
702 2
703 1
707 1
708 2
712 1
714 1
721 1
724 1
728 1
731 1
732 2
741 1
742 1
746 1
757 1
758 1
760 1
761 1
766 1
767 1
784 1
785 1
801 1
810 1
811 1
821 1
825 1
829 1
831 1
832 1
840 1
850 2
851 1
853 1
862 1
870 1
872 1
880 1
902 1
904 1
907 2
916 1
946 1
967 1
968 1
978 1
989 1
996 1
1006 1
1008 1
1011 1
1026 1
1032 1
1036 1
1039 1
1043 1
1046 1
1061 1
1067 1
1073 1
1077 1
1079 1
1087 1
1105 1
1116 1
1132 1
1140 1
1177 1
1196 1
1235 1
1269 1
1297 1
1380 1
1381 1
1424 1
1472 1
1576 1
1646 1
2059 1
