0 23582
1 20243
2 6068
3 5162
4 4161
5 3367
6 2689
7 1996
8 1767
9 1391
10 1226
11 1001
12 893
13 737
14 589
15 570
16 504
17 446
18 367
19 326
20 309
21 253
22 262
23 205
24 202
25 162
26 155
27 136
28 137
29 114
30 106
31 105
32 90
33 122
34 85
35 65
36 91
37 61
38 61
39 57
40 57
41 56
42 54
43 47
44 43
45 51
46 30
47 34
48 44
49 31
50 30
51 35
52 32
53 24
54 19
55 28
56 21
57 24
58 20
59 30
60 19
61 22
62 15
63 19
64 21
65 14
66 17
67 11
68 9
69 16
70 15
71 14
72 8
73 9
74 12
75 10
76 15
77 12
78 10
79 7
80 10
81 11
82 11
83 15
84 10
85 10
86 15
87 12
88 6
89 4
90 7
91 6
92 11
93 6
94 5
95 10
96 3
97 5
98 3
99 7
100 3
101 2
102 6
103 5
104 3
105 4
106 11
107 7
108 2
109 8
110 7
111 7
112 3
113 2
114 2
115 4
116 3
117 2
118 1
119 4
120 3
121 1
122 1
123 2
124 1
125 6
126 1
127 5
128 1
129 4
130 3
131 2
132 3
133 1
135 2
136 1
137 3
138 4
139 2
140 2
141 1
143 2
144 5
145 5
146 2
147 3
148 1
150 2
151 1
152 2
153 1
154 1
156 2
158 1
159 1
160 1
161 1
162 3
163 2
168 2
171 1
172 1
173 1
175 1
177 2
178 2
181 1
183 1
184 1
187 1
189 1
190 2
192 2
194 1
195 1
198 1
199 1
200 2
202 1
203 2
205 2
207 3
208 1
212 2
213 1
214 1
217 1
219 2
223 1
224 1
225 2
226 1
227 2
229 2
230 1
233 1
234 2
237 2
238 1
239 1
240 2
250 1
252 1
253 1
259 1
260 2
271 2
279 1
280 1
282 1
285 1
288 1
291 1
294 1
303 1
313 1
314 1
317 2
320 1
321 1
322 1
332 1
333 2
339 1
340 1
345 2
349 2
351 1
355 1
373 1
380 1
384 1
387 1
389 1
398 1
408 1
409 1
411 1
421 1
436 1
449 1
452 1
468 1
480 1
490 1
501 1
521 1
523 1
654 1
747 1
888 1
968 1
970 1
1025 1
1027 1
1214 1
