#
# In-degree Distribution. G(80155, 2145624). 9223 (0.1151) nodes with in-deg > avg deg (53.5), 3771 (0.0470) with >2*avg.deg (Sun May  4 21:56:48 2014)
#
# In-degree	Count
0	7585
1	15923
2	1025
3	1939
4	2472
5	2535
6	2588
7	2514
8	2302
9	1979
10	1868
11	1775
12	1643
13	1497
14	1393
15	1351
16	1271
17	1138
18	1069
19	1052
20	973
21	927
22	832
23	835
24	798
25	719
26	675
27	612
28	595
29	588
30	541
31	524
32	534
33	491
34	446
35	428
36	422
37	406
38	410
39	359
40	335
41	365
42	313
43	329
44	322
45	296
46	285
47	252
48	261
49	245
50	256
51	220
52	206
53	213
54	188
55	194
56	169
57	177
58	178
59	175
60	163
61	176
62	154
63	150
64	148
65	144
66	133
67	126
68	129
69	109
70	121
71	122
72	130
73	120
74	107
75	105
76	101
77	85
78	83
79	108
80	94
81	115
82	91
83	88
84	87
85	77
86	70
87	63
88	56
89	73
90	66
91	71
92	68
93	84
94	64
95	61
96	52
97	68
98	51
99	51
100	61
101	43
102	58
103	48
104	54
105	47
106	50
107	46
108	43
109	46
110	56
111	46
112	41
113	32
114	45
115	49
116	37
117	47
118	40
119	39
120	39
121	26
122	32
123	32
124	23
125	30
126	35
127	35
128	33
129	24
130	28
131	31
132	33
133	36
134	28
135	37
136	20
137	30
138	30
139	31
140	27
141	30
142	29
143	29
144	26
145	31
146	20
147	21
148	27
149	29
150	19
151	18
152	31
153	21
154	22
155	20
156	22
157	20
158	14
159	21
160	18
161	26
162	17
163	15
164	21
165	22
166	19
167	23
168	16
169	27
170	18
171	26
172	16
173	21
174	22
175	15
176	16
177	14
178	10
179	14
180	16
181	16
182	15
183	18
184	10
185	14
186	15
187	13
188	11
189	15
190	11
191	19
192	12
193	13
194	15
195	16
196	16
197	13
198	12
199	16
200	16
201	17
202	15
203	13
204	7
205	12
206	9
207	11
208	11
209	10
210	16
211	11
212	12
213	11
214	12
215	12
216	12
217	10
218	18
219	9
220	12
221	8
222	7
223	7
224	11
225	13
226	14
227	9
228	15
229	13
230	16
231	9
232	11
233	5
234	12
235	12
236	7
237	7
238	7
239	11
240	9
241	13
242	7
243	9
244	5
245	4
246	5
247	13
248	11
249	6
250	5
251	9
252	6
253	6
254	6
255	9
256	3
257	5
258	9
259	14
260	5
261	7
262	6
263	8
264	10
265	5
266	4
267	1
268	6
269	8
270	4
271	10
272	8
273	7
274	8
275	6
276	4
277	4
279	2
280	6
281	3
282	8
283	5
284	1
285	2
286	3
287	6
288	6
289	5
290	3
291	4
292	7
293	6
294	8
295	11
296	4
297	2
298	4
299	5
300	5
301	2
302	2
304	5
305	2
306	5
307	5
308	3
309	4
310	2
311	6
312	6
313	3
314	9
315	4
316	4
317	7
318	2
319	5
320	3
321	4
322	2
323	1
324	2
326	5
327	4
328	1
329	1
330	2
331	2
332	2
333	6
334	2
335	1
336	3
338	2
339	1
340	2
341	5
342	4
343	4
344	2
345	1
346	3
347	1
348	2
349	4
350	3
351	3
352	2
353	4
354	3
355	1
356	1
357	3
358	2
359	2
360	3
362	1
363	2
364	6
365	4
367	2
368	2
369	1
370	3
372	2
373	1
374	2
375	3
376	3
377	3
378	3
379	5
380	3
381	3
382	3
383	4
384	2
385	2
386	1
387	3
388	1
389	2
390	1
391	2
392	1
393	2
395	2
396	1
397	1
398	2
399	1
400	1
401	4
402	1
403	3
406	1
407	2
408	2
409	3
410	1
413	4
414	2
416	2
418	2
421	2
422	2
423	1
424	2
425	4
426	1
428	2
429	2
430	2
431	2
433	4
434	1
435	4
436	1
437	1
438	2
439	3
440	2
441	2
442	2
443	1
445	1
446	2
447	4
448	2
450	2
451	3
452	1
454	3
455	1
456	2
457	1
460	3
463	3
464	4
465	2
467	3
470	1
471	2
472	2
473	1
475	4
477	2
478	1
479	1
480	2
481	1
482	2
483	2
484	1
486	2
487	1
488	2
489	1
490	1
491	2
493	1
496	2
497	3
498	2
499	1
500	1
501	2
502	1
503	1
504	2
505	2
506	1
507	2
508	2
509	2
513	2
514	3
515	1
519	1
521	1
529	1
530	2
532	1
533	2
535	1
536	1
537	2
539	1
543	3
544	1
545	1
546	2
548	1
553	5
554	2
555	1
557	1
560	1
563	2
564	1
565	1
567	2
568	2
569	1
570	2
574	2
576	2
577	1
578	1
579	3
581	1
585	3
590	2
592	1
593	1
594	1
596	2
597	1
600	1
601	1
605	1
606	1
607	2
610	1
614	1
616	1
619	1
623	1
627	1
632	1
636	1
640	1
641	1
642	1
646	2
647	1
648	1
649	1
650	1
653	1
655	2
656	1
658	1
659	3
662	1
663	1
666	2
667	1
669	1
671	1
673	2
674	1
675	1
678	1
680	1
682	1
686	2
687	1
689	1
691	1
696	1
698	1
701	2
703	1
706	1
713	1
714	1
715	1
721	1
722	1
725	1
727	1
729	1
732	1
735	1
738	2
739	1
741	1
743	1
744	2
745	1
747	1
748	1
751	1
755	1
758	1
759	1
764	1
770	1
774	1
775	1
781	1
784	2
793	1
795	2
804	1
805	1
809	1
819	2
822	1
829	1
830	1
832	1
833	1
839	1
840	1
842	1
853	1
858	1
869	1
873	1
874	1
881	2
884	2
887	1
892	1
894	1
916	1
922	1
932	1
933	1
934	1
935	1
936	1
940	1
943	1
957	1
959	1
963	1
966	1
982	1
989	1
1006	1
1011	1
1012	2
1017	1
1020	1
1027	1
1031	1
1040	1
1050	1
1054	1
1057	2
1073	1
1076	1
1080	1
1087	1
1090	1
1095	1
1107	1
1111	1
1114	1
1127	1
1135	1
1139	1
1153	1
1157	1
1164	1
1166	1
1170	1
1192	1
1244	1
1267	1
1292	2
1322	1
1331	1
1333	1
1334	1
1359	1
1370	1
1425	1
1452	1
1484	1
1502	1
1539	1
1559	1
1650	1
1672	1
1838	1
1954	1
2048	1
2113	1
2171	1
2324	1
2594	1
3674	1
4488	1
10119	1
