#
# In-degree Distribution. G(78665, 2362970). 8566 (0.1089) nodes with in-deg > avg deg (60.1), 3625 (0.0461) with >2*avg.deg (Sun Apr 27 15:07:28 2014)
#
# In-degree	Count
0	11519
1	4501
2	4166
3	3693
4	3238
5	2860
6	2603
7	2347
8	2157
9	1932
10	1860
11	1645
12	1611
13	1419
14	1331
15	1251
16	1186
17	1121
18	1067
19	1063
20	983
21	920
22	845
23	756
24	764
25	672
26	689
27	684
28	596
29	561
30	547
31	575
32	513
33	520
34	479
35	432
36	436
37	378
38	400
39	396
40	359
41	327
42	348
43	313
44	325
45	300
46	289
47	273
48	264
49	263
50	242
51	269
52	216
53	199
54	213
55	198
56	236
57	218
58	193
59	176
60	162
61	163
62	177
63	151
64	142
65	149
66	156
67	151
68	123
69	139
70	138
71	120
72	132
73	103
74	98
75	132
76	122
77	91
78	84
79	101
80	96
81	99
82	97
83	88
84	57
85	75
86	106
87	72
88	84
89	73
90	59
91	66
92	66
93	66
94	55
95	60
96	75
97	71
98	59
99	75
100	48
101	45
102	61
103	58
104	68
105	33
106	61
107	54
108	46
109	52
110	53
111	45
112	34
113	39
114	35
115	39
116	40
117	43
118	37
119	46
120	33
121	27
122	38
123	29
124	27
125	31
126	39
127	36
128	30
129	29
130	42
131	31
132	34
133	32
134	25
135	33
136	29
137	30
138	31
139	21
140	25
141	18
142	28
143	36
144	22
145	26
146	23
147	19
148	18
149	24
150	36
151	25
152	26
153	24
154	23
155	17
156	16
157	25
158	19
159	27
160	29
161	13
162	20
163	22
164	17
165	20
166	24
167	22
168	19
169	22
170	18
171	18
172	15
173	18
174	20
175	27
176	22
177	25
178	10
179	16
180	21
181	23
182	20
183	20
184	18
185	18
186	14
187	16
188	21
189	13
190	17
191	13
192	13
193	18
194	17
195	15
196	13
197	20
198	13
199	13
200	11
201	16
202	16
203	16
204	13
205	11
206	16
207	16
208	11
209	14
210	18
211	7
212	14
213	20
214	12
215	14
216	9
217	6
218	9
219	10
220	11
221	20
222	8
223	16
224	8
225	13
226	14
227	10
228	6
229	11
230	17
231	17
232	15
233	7
234	11
235	15
236	6
237	9
238	5
239	12
240	9
241	7
242	10
243	14
244	14
245	3
246	3
247	10
248	10
249	10
250	7
251	11
252	8
253	10
254	10
255	10
256	9
257	10
258	9
259	8
260	8
261	5
262	4
263	10
264	9
265	5
266	8
267	5
268	3
269	10
270	7
271	6
272	6
273	5
274	10
275	5
276	6
277	12
278	7
279	6
280	2
281	11
282	8
283	6
284	9
285	7
286	4
287	5
288	2
289	8
290	5
291	5
292	5
293	7
294	6
295	5
296	6
297	6
298	9
299	8
300	4
301	4
302	3
303	3
304	4
305	7
306	2
307	5
308	6
309	1
310	9
311	2
312	6
313	7
314	4
315	4
316	2
317	5
318	4
319	4
320	4
321	8
322	4
323	5
324	5
325	2
326	4
327	2
328	4
329	5
330	1
331	3
332	6
333	3
334	1
335	3
336	3
337	4
338	1
339	6
340	3
341	2
342	7
343	5
344	1
345	3
346	4
347	3
348	4
349	5
350	2
351	4
353	3
354	1
356	5
357	3
358	2
359	3
360	2
361	2
362	1
363	4
364	1
365	1
366	4
367	5
368	6
369	3
370	1
371	2
372	1
373	2
374	4
375	1
376	1
377	1
378	3
379	1
380	2
381	4
382	1
383	4
385	4
386	3
387	4
388	3
389	4
390	1
391	8
392	1
393	2
394	3
395	6
397	7
398	3
399	2
401	5
402	1
403	4
404	4
405	2
406	3
408	2
409	2
411	2
412	1
413	4
414	3
415	1
416	1
417	2
418	4
421	3
422	1
423	1
424	1
425	2
426	1
427	1
428	1
429	3
432	2
433	1
434	4
435	1
436	4
439	2
440	2
441	1
442	4
443	1
444	1
445	2
446	2
447	3
449	1
450	1
451	2
452	7
454	2
455	3
456	2
457	1
458	1
459	2
460	1
461	3
462	2
463	1
464	2
467	3
468	3
469	5
470	1
471	2
472	1
473	1
474	1
475	2
476	1
477	2
478	1
479	2
481	1
482	1
486	2
487	1
488	2
489	2
490	2
491	1
492	1
493	2
495	2
496	1
497	3
498	4
499	2
501	1
502	2
504	2
505	1
506	2
507	2
510	2
512	1
514	2
515	2
516	3
518	2
519	1
520	1
521	2
522	1
523	1
524	2
525	2
527	1
528	2
530	2
531	2
534	2
535	1
536	2
538	1
540	2
542	2
543	2
546	3
547	1
548	1
549	1
551	1
552	2
554	2
555	1
557	1
558	2
560	3
562	1
563	1
568	2
570	2
572	2
573	1
577	1
578	1
579	2
580	1
581	1
582	1
586	4
588	1
592	1
594	2
595	3
596	1
597	1
598	1
599	1
600	1
605	1
606	2
607	1
609	2
610	1
612	1
613	2
614	1
615	1
618	2
619	3
620	2
621	3
622	2
623	1
626	1
628	1
629	2
635	1
636	1
637	1
638	1
639	1
640	1
645	1
646	1
650	1
651	1
652	1
653	3
656	2
657	1
658	2
661	3
663	1
664	1
666	3
671	1
672	1
675	1
677	1
678	2
683	1
684	1
685	1
686	1
687	1
690	1
691	1
696	1
703	1
708	1
711	1
712	1
713	1
716	1
719	1
720	1
721	1
723	2
726	1
729	1
732	1
735	1
736	1
737	1
740	1
742	1
746	1
747	1
748	2
752	1
754	1
756	2
761	1
762	2
763	2
766	2
769	1
770	1
776	1
777	1
784	1
786	1
788	1
789	1
791	1
792	1
794	1
795	2
801	3
802	1
806	1
812	1
814	2
817	1
821	1
824	1
827	1
828	1
829	1
831	1
833	1
838	1
841	1
843	1
847	2
850	1
851	1
853	1
854	1
861	1
862	1
863	1
864	1
866	1
867	1
870	1
871	2
872	1
874	1
875	1
877	1
882	1
889	1
891	1
893	1
899	1
903	1
911	1
923	1
927	1
934	1
937	1
942	1
947	1
955	1
960	1
962	2
968	1
972	1
974	1
975	1
978	1
979	1
980	1
983	1
984	1
1005	1
1009	1
1010	1
1015	1
1016	1
1018	1
1020	1
1023	1
1029	2
1031	1
1039	2
1043	1
1049	1
1051	1
1052	2
1058	1
1061	1
1072	1
1074	1
1075	1
1086	1
1088	1
1098	1
1103	1
1108	1
1113	1
1117	1
1120	1
1129	1
1136	1
1168	1
1170	2
1175	1
1177	2
1178	1
1181	1
1187	2
1190	1
1198	1
1216	1
1219	1
1224	1
1238	1
1256	1
1257	1
1264	3
1269	1
1278	1
1292	1
1295	1
1323	1
1338	1
1339	1
1366	1
1375	1
1383	1
1400	1
1406	1
1407	1
1425	1
1437	1
1487	1
1500	1
1506	1
1508	1
1539	1
1570	1
1578	1
1597	1
1599	2
1616	1
1619	1
1626	1
1629	1
1635	1
1678	1
1680	1
1692	1
1707	1
1789	1
1805	1
1811	1
1831	1
1838	1
1889	1
1903	1
1960	1
1981	1
2040	1
2042	1
2057	1
2143	1
2173	1
2244	1
2317	1
2343	1
2531	1
2685	1
3048	1
3373	1
3632	1
