0 26567
1 14560
2 5477
3 4835
4 4308
5 3466
6 2822
7 2465
8 2028
9 1662
10 1429
11 1183
12 1095
13 904
14 848
15 695
16 594
17 553
18 527
19 430
20 354
21 324
22 328
23 236
24 251
25 223
26 202
27 173
28 175
29 163
30 124
31 131
32 130
33 124
34 88
35 87
36 87
37 76
38 83
39 65
40 79
41 66
42 68
43 64
44 51
45 58
46 50
47 45
48 35
49 43
50 40
51 49
52 42
53 41
54 32
55 33
56 35
57 29
58 37
59 32
60 24
61 23
62 30
63 24
64 26
65 28
66 14
67 10
68 25
69 16
70 24
71 22
72 9
73 13
74 9
75 10
76 12
77 10
78 7
79 9
80 7
81 8
82 6
83 3
84 10
85 5
86 4
87 6
88 2
89 4
90 6
91 4
92 4
93 5
94 4
95 1
96 2
97 4
98 3
100 2
101 1
102 3
103 3
105 2
106 1
107 3
108 2
109 3
112 2
114 1
116 4
117 1
118 2
119 1
120 2
121 3
122 1
123 2
124 2
126 1
129 2
131 1
132 1
134 1
136 1
138 1
143 1
146 1
148 2
152 1
153 1
156 1
160 1
161 2
163 1
165 2
176 1
182 1
183 1
202 1
204 1
209 1
223 1
266 1
291 1
332 1
333 1
