0 4754
1 5384
2 5029
3 4760
4 4247
5 4042
6 3735
7 3347
8 3101
9 2842
10 2574
11 2261
12 2193
13 2001
14 1902
15 1682
16 1586
17 1466
18 1368
19 1279
20 1256
21 1061
22 971
23 984
24 857
25 814
26 725
27 735
28 648
29 581
30 558
31 566
32 499
33 487
34 478
35 427
36 402
37 378
38 356
39 356
40 322
41 330
42 274
43 266
44 257
45 240
46 209
47 232
48 212
49 195
50 179
51 152
52 180
53 138
54 150
55 160
56 140
57 132
58 132
59 133
60 126
61 120
62 94
63 94
64 90
65 96
66 99
67 79
68 76
69 75
70 73
71 67
72 68
73 70
74 49
75 59
76 57
77 46
78 59
79 57
80 41
81 52
82 54
83 58
84 47
85 49
86 46
87 45
88 45
89 36
90 38
91 39
92 42
93 46
94 38
95 35
96 46
97 30
98 22
99 19
100 40
101 25
102 31
103 34
104 32
105 16
106 25
107 26
108 26
109 34
110 21
111 26
112 25
113 20
114 27
115 19
116 21
117 17
118 27
119 11
120 28
121 22
122 20
123 19
124 13
125 17
126 16
127 13
128 13
129 16
130 14
131 15
132 16
133 7
134 16
135 14
136 13
137 15
138 15
139 13
140 11
141 9
142 15
143 10
144 14
145 15
146 11
147 16
148 15
149 14
150 17
151 12
152 13
153 13
154 9
155 6
156 12
157 11
158 9
159 19
160 12
161 13
162 14
163 7
164 13
165 9
166 10
167 10
168 7
169 10
170 7
171 7
172 6
173 8
174 12
175 14
176 6
177 10
178 6
179 9
180 5
181 10
182 7
183 11
184 8
185 3
186 6
187 6
188 7
189 9
190 6
191 6
192 13
193 4
194 3
195 8
196 4
197 6
198 8
199 5
200 4
201 8
202 7
203 6
204 6
205 7
206 5
207 7
208 4
209 2
210 1
211 5
212 8
213 4
214 6
215 4
216 2
217 2
218 4
219 3
220 6
221 3
222 6
223 5
224 6
225 4
226 11
227 1
228 4
229 11
230 3
231 3
232 6
233 6
234 6
235 2
236 7
237 2
238 6
239 3
240 2
241 4
242 5
243 2
244 3
245 5
246 1
247 3
248 3
249 4
250 8
251 2
252 3
253 5
254 2
255 3
256 1
257 5
258 4
259 4
260 3
261 2
262 2
263 5
264 2
265 5
266 1
267 5
268 2
269 4
270 2
271 3
272 3
273 7
274 7
275 3
276 3
277 4
278 1
279 4
280 5
281 1
282 1
284 2
285 7
287 5
288 4
289 2
290 1
291 5
292 3
293 3
294 2
295 2
296 1
297 2
298 3
299 1
301 1
303 2
304 1
305 4
306 2
307 6
308 3
309 4
310 1
311 3
313 1
314 1
315 3
316 1
317 1
318 3
320 2
321 3
322 4
323 1
324 2
325 3
328 1
329 1
330 3
331 1
333 4
334 3
335 2
336 3
337 2
339 2
340 2
341 3
342 2
344 1
345 1
346 1
347 1
348 1
352 2
354 3
355 3
356 3
357 3
358 2
360 1
361 4
363 1
364 1
365 1
366 1
368 1
369 3
370 1
372 1
374 1
375 1
376 3
377 1
379 3
380 1
383 1
385 2
386 3
387 1
388 4
389 2
391 1
394 3
396 1
397 4
398 3
399 2
400 2
401 1
402 2
403 2
404 2
406 1
407 2
408 1
409 2
410 1
411 1
412 1
413 2
414 2
416 1
418 1
419 1
420 1
421 1
424 1
425 2
426 1
427 1
428 2
434 1
436 2
439 1
440 1
442 1
444 1
445 1
446 2
449 1
451 2
452 1
453 1
454 3
455 1
457 2
459 1
461 1
462 2
463 2
464 2
469 1
473 1
478 1
479 1
480 2
482 1
486 2
490 1
493 2
495 1
497 1
498 2
499 2
501 2
502 1
505 1
506 1
507 1
509 1
510 1
511 1
512 2
514 1
516 1
518 2
519 1
521 2
527 2
532 3
533 1
536 1
540 1
545 2
548 1
549 1
551 1
552 1
555 1
557 3
559 1
560 1
561 1
562 1
565 1
567 3
568 1
569 1
574 1
576 1
585 1
588 1
593 1
595 2
596 1
598 2
599 1
600 1
607 1
609 2
611 2
615 1
617 1
619 1
622 1
623 1
626 1
628 1
630 1
631 1
632 1
633 1
635 1
643 1
647 2
649 1
654 1
655 1
662 1
664 1
666 1
671 1
672 2
680 1
683 1
689 1
691 1
692 1
698 1
699 1
700 1
702 1
704 1
705 1
712 1
715 3
719 1
720 1
724 1
725 1
728 1
732 1
738 1
740 1
742 2
745 1
747 3
753 1
755 1
765 1
775 1
777 1
778 1
790 1
803 1
808 1
810 1
816 1
825 1
827 1
839 2
842 1
864 1
868 1
877 1
879 1
886 1
894 1
905 1
913 1
920 1
925 1
929 2
956 1
960 1
961 1
982 1
984 1
990 1
1018 1
1029 1
1038 1
1040 1
1076 1
1081 1
1133 1
1140 1
1144 1
1161 1
1163 1
1169 1
1232 1
1234 1
1239 1
1257 1
1260 1
1271 1
1286 1
1292 1
1317 1
1363 1
1364 1
1377 1
1402 1
1403 1
1554 1
1687 1
1702 1
1772 1
1775 1
1783 1
2150 1
2262 1
3240 1
3293 1
3358 1
3500 1
