0 24370
1 12186
2 8286
3 6265
4 4627
5 3687
6 3041
7 2435
8 2055
9 1655
10 1451
11 1208
12 1095
13 903
14 727
15 687
16 581
17 491
18 433
19 393
20 355
21 326
22 270
23 271
24 222
25 241
26 216
27 174
28 171
29 126
30 126
31 130
32 134
33 107
34 95
35 80
36 87
37 77
38 88
39 62
40 80
41 54
42 71
43 61
44 54
45 49
46 51
47 45
48 44
49 32
50 44
51 40
52 32
53 44
54 49
55 19
56 25
57 34
58 31
59 29
60 30
61 29
62 27
63 25
64 32
65 14
66 22
67 21
68 13
69 12
70 10
71 16
72 10
73 15
74 12
75 10
76 8
77 7
78 5
79 7
80 7
81 8
82 6
83 6
84 4
85 5
86 9
87 3
88 3
89 2
90 8
91 4
92 4
93 5
94 6
95 2
96 3
97 2
98 2
99 1
100 2
101 2
102 1
104 1
105 3
106 1
107 2
108 2
110 1
111 1
112 2
113 1
114 2
115 1
117 3
118 1
120 2
121 1
122 1
123 1
124 2
126 3
128 2
129 1
131 1
132 1
133 3
135 1
138 1
139 2
141 3
145 1
150 2
159 1
164 1
167 1
168 2
178 1
187 1
195 1
204 1
207 1
225 1
254 1
265 1
277 1
327 1
346 1
