0 20569
1 12083
2 4800
3 4599
4 4102
5 3654
6 2998
7 2656
8 2361
9 2095
10 1807
11 1650
12 1426
13 1349
14 1226
15 1072
16 921
17 776
18 826
19 730
20 604
21 625
22 524
23 544
24 441
25 403
26 379
27 362
28 293
29 307
30 260
31 256
32 253
33 250
34 201
35 180
36 174
37 165
38 170
39 138
40 125
41 134
42 140
43 127
44 115
45 134
46 91
47 93
48 83
49 85
50 63
51 71
52 62
53 77
54 57
55 53
56 60
57 54
58 64
59 43
60 45
61 40
62 43
63 39
64 37
65 34
66 30
67 48
68 34
69 27
70 22
71 28
72 26
73 30
74 25
75 20
76 28
77 14
78 24
79 22
80 14
81 27
82 18
83 16
84 24
85 17
86 23
87 18
88 14
89 17
90 27
91 15
92 18
93 18
94 16
95 17
96 15
97 19
98 10
99 11
100 10
101 14
102 11
103 10
104 4
105 18
106 12
107 12
108 11
109 7
110 12
111 14
112 13
113 8
114 6
115 6
116 8
117 10
118 8
119 5
120 9
121 7
122 6
123 7
124 6
125 3
126 6
127 4
128 6
129 4
130 4
131 3
132 5
133 2
134 2
135 6
136 2
137 6
138 2
139 3
140 2
141 2
142 1
143 1
144 5
145 2
146 3
148 3
149 3
150 1
151 3
152 5
154 3
155 3
156 2
157 2
158 1
159 1
160 1
161 1
163 1
164 1
166 1
168 2
170 1
172 1
176 1
182 2
186 1
187 1
190 1
192 1
193 1
194 3
196 2
201 1
202 1
212 1
215 1
232 1
234 1
238 1
252 1
254 1
256 1
263 1
272 1
284 1
302 1
304 1
369 1
376 1
389 1
457 1
507 1
