0 18696
1 9711
2 7082
3 5630
4 4667
5 3739
6 3253
7 2758
8 2379
9 2116
10 1925
11 1696
12 1434
13 1366
14 1169
15 1039
16 954
17 884
18 801
19 704
20 641
21 563
22 511
23 474
24 433
25 418
26 366
27 343
28 308
29 296
30 255
31 260
32 229
33 197
34 218
35 165
36 155
37 155
38 167
39 165
40 136
41 117
42 139
43 108
44 108
45 109
46 92
47 110
48 93
49 81
50 85
51 65
52 67
53 50
54 44
55 54
56 38
57 52
58 52
59 43
60 53
61 47
62 34
63 41
64 41
65 27
66 37
67 30
68 32
69 29
70 38
71 27
72 20
73 25
74 25
75 21
76 23
77 16
78 14
79 23
80 22
81 16
82 22
83 21
84 19
85 22
86 18
87 18
88 25
89 16
90 23
91 19
92 17
93 9
94 16
95 16
96 14
97 14
98 10
99 14
100 13
101 7
102 19
103 13
104 16
105 12
106 10
107 12
108 10
109 18
110 8
111 9
112 9
113 4
114 12
115 8
116 4
117 12
118 11
119 12
120 8
121 13
122 1
123 9
124 5
125 7
126 7
128 5
129 6
130 9
131 1
132 4
133 1
134 2
135 3
136 3
137 3
138 5
139 2
140 4
141 1
142 1
143 4
144 4
145 1
146 3
148 2
149 2
150 1
158 1
159 3
161 3
162 2
163 2
167 2
169 1
173 2
175 2
176 1
179 1
180 2
181 1
182 1
183 1
184 1
185 1
189 2
194 1
197 2
205 2
208 1
211 1
227 1
233 1
234 1
236 1
246 2
258 1
263 1
286 2
319 1
380 1
383 1
386 1
474 1
496 1
