0 13860
1 9110
2 4993
3 3641
4 2913
5 2466
6 2212
7 1934
8 1883
9 1694
10 1561
11 1470
12 1343
13 1300
14 1156
15 1173
16 1104
17 1031
18 945
19 883
20 798
21 834
22 762
23 792
24 745
25 676
26 674
27 656
28 579
29 595
30 591
31 548
32 498
33 464
34 468
35 466
36 486
37 429
38 373
39 396
40 408
41 402
42 354
43 362
44 338
45 324
46 270
47 291
48 284
49 284
50 251
51 253
52 240
53 237
54 245
55 229
56 238
57 205
58 219
59 202
60 211
61 153
62 186
63 155
64 149
65 161
66 161
67 146
68 167
69 138
70 152
71 144
72 130
73 125
74 128
75 130
76 115
77 112
78 111
79 92
80 123
81 100
82 86
83 101
84 99
85 96
86 100
87 79
88 91
89 90
90 91
91 75
92 71
93 76
94 83
95 63
96 66
97 51
98 51
99 54
100 55
101 59
102 52
103 65
104 60
105 58
106 41
107 53
108 58
109 44
110 49
111 45
112 38
113 40
114 35
115 35
116 38
117 43
118 47
119 43
120 38
121 33
122 34
123 30
124 33
125 22
126 50
127 30
128 24
129 25
130 30
131 35
132 27
133 30
134 32
135 35
136 30
137 29
138 24
139 28
140 25
141 21
142 17
143 18
144 21
145 23
146 18
147 17
148 23
149 12
150 25
151 29
152 19
153 8
154 16
155 10
156 23
157 18
158 18
159 13
160 9
161 14
162 12
163 17
164 18
165 18
166 16
167 16
168 11
169 9
170 12
171 10
172 10
173 7
174 12
175 12
176 11
177 12
178 8
179 9
180 6
181 8
182 7
183 10
184 10
185 8
186 9
187 10
188 8
189 7
190 9
191 7
192 5
193 8
194 10
195 9
196 7
197 9
198 5
199 6
200 2
201 6
202 5
203 4
204 10
205 4
206 7
207 8
208 3
209 6
210 2
211 8
212 3
213 6
214 4
215 1
216 5
217 5
218 7
219 2
220 5
221 3
222 4
223 5
224 1
225 11
226 6
227 4
228 4
229 4
230 1
231 1
232 4
233 3
234 1
235 3
238 2
239 4
240 1
241 1
242 2
243 3
244 1
245 1
246 4
247 2
248 2
249 2
251 4
252 1
254 5
255 1
256 2
257 1
258 3
259 1
260 1
261 4
262 1
263 4
264 2
265 5
266 1
267 1
268 2
269 1
270 2
271 1
272 1
273 2
274 1
275 2
276 1
277 2
278 1
279 2
280 1
284 2
285 1
286 2
287 1
289 1
290 1
291 1
293 3
294 1
295 1
296 2
298 4
302 1
304 1
306 2
308 1
309 1
311 3
312 1
314 2
318 3
319 1
320 1
321 1
322 1
323 1
324 1
331 1
332 1
333 1
334 2
337 1
345 1
350 1
351 1
354 2
356 1
364 1
366 1
379 1
384 1
386 1
388 1
400 1
422 1
439 1
475 1
482 1
514 1
572 1
