0 19770
1 10720
2 4358
3 4081
4 3766
5 3334
6 2907
7 2460
8 2274
9 2075
10 1823
11 1607
12 1470
13 1348
14 1213
15 1115
16 1025
17 907
18 881
19 825
20 765
21 647
22 651
23 584
24 565
25 475
26 473
27 444
28 415
29 358
30 397
31 376
32 309
33 303
34 302
35 286
36 260
37 246
38 220
39 196
40 229
41 203
42 180
43 162
44 165
45 168
46 170
47 135
48 141
49 121
50 126
51 102
52 103
53 97
54 89
55 98
56 103
57 79
58 80
59 87
60 75
61 63
62 58
63 73
64 61
65 56
66 56
67 54
68 40
69 46
70 51
71 51
72 47
73 45
74 45
75 39
76 37
77 38
78 39
79 32
80 36
81 38
82 32
83 33
84 36
85 22
86 30
87 29
88 31
89 21
90 20
91 15
92 28
93 21
94 20
95 23
96 28
97 18
98 27
99 16
100 21
101 15
102 15
103 17
104 13
105 10
106 16
107 13
108 19
109 9
110 15
111 12
112 11
113 10
114 11
115 16
116 13
117 10
118 10
119 9
120 9
121 10
122 9
123 8
124 7
125 11
126 3
127 5
128 9
129 3
130 9
131 5
132 7
133 7
134 9
135 9
136 10
137 7
138 11
139 12
140 10
141 6
142 7
143 9
144 6
145 6
146 8
147 4
148 8
149 6
150 7
151 3
152 4
153 8
154 8
155 4
156 11
157 10
158 4
159 9
160 5
161 4
162 4
163 5
164 7
165 6
166 3
167 2
168 11
169 8
170 3
171 5
172 4
173 6
174 4
175 7
176 10
177 4
178 6
179 4
180 4
181 2
182 5
183 10
184 2
185 2
186 3
187 6
188 8
189 3
190 4
191 6
192 5
193 5
194 3
195 6
196 9
197 2
198 5
199 5
200 3
201 6
202 5
203 3
205 2
206 5
207 7
208 2
209 4
210 2
211 4
212 5
213 1
214 3
215 2
216 4
217 3
218 2
219 4
220 1
221 1
222 1
223 4
224 3
225 1
226 2
227 2
228 2
229 3
230 2
231 1
232 1
233 4
234 2
235 4
236 3
237 2
238 1
240 2
241 2
242 1
245 1
247 1
252 2
253 1
255 1
256 1
258 1
259 2
260 1
261 1
262 1
265 1
269 1
271 1
272 2
290 1
304 1
312 1
319 1
368 2
370 1
387 1
441 1
448 1
519 1
558 1
