#
# Out-degree Distribution. G(80155, 2145624). 7854 (0.0980) nodes with out-deg > avg deg (53.5), 3380 (0.0422) with >2*avg.deg (Sun May  4 21:56:48 2014)
#
# Out-degree	Count
0	3661
1	6472
2	6388
3	5547
4	4893
5	4228
6	3604
7	3212
8	2787
9	2579
10	2188
11	2006
12	1782
13	1607
14	1518
15	1315
16	1222
17	1074
18	1023
19	1016
20	911
21	861
22	818
23	725
24	713
25	636
26	595
27	544
28	539
29	543
30	458
31	482
32	440
33	403
34	427
35	403
36	324
37	362
38	340
39	331
40	296
41	279
42	301
43	270
44	261
45	257
46	236
47	222
48	226
49	216
50	205
51	193
52	175
53	187
54	137
55	174
56	148
57	161
58	158
59	153
60	151
61	131
62	118
63	126
64	130
65	102
66	108
67	118
68	103
69	94
70	106
71	95
72	87
73	97
74	97
75	83
76	92
77	82
78	76
79	73
80	60
81	79
82	82
83	62
84	54
85	66
86	66
87	55
88	63
89	61
90	58
91	47
92	64
93	57
94	47
95	46
96	51
97	46
98	47
99	52
100	44
101	46
102	42
103	41
104	39
105	37
106	27
107	35
108	42
109	38
110	37
111	35
112	31
113	31
114	38
115	32
116	28
117	35
118	31
119	31
120	34
121	24
122	28
123	33
124	32
125	40
126	29
127	32
128	29
129	26
130	31
131	29
132	22
133	25
134	22
135	21
136	21
137	17
138	16
139	18
140	19
141	23
142	15
143	21
144	18
145	18
146	24
147	20
148	15
149	15
150	15
151	14
152	22
153	17
154	22
155	13
156	15
157	26
158	16
159	15
160	20
161	17
162	13
163	10
164	14
165	15
166	19
167	17
168	15
169	18
170	6
171	17
172	17
173	6
174	19
175	14
176	14
177	18
178	15
179	14
180	10
181	16
182	15
183	13
184	8
185	16
186	13
187	11
188	13
189	12
190	13
191	14
192	14
193	6
194	7
195	15
196	11
197	12
198	10
199	6
200	11
201	12
202	11
203	8
204	11
205	7
206	9
207	12
208	7
209	3
210	10
211	13
212	14
213	10
214	8
215	8
216	7
217	5
218	10
219	10
220	8
221	9
222	4
223	9
224	8
225	7
226	8
227	12
228	6
229	17
230	6
231	6
232	5
233	7
234	3
235	2
236	9
237	11
238	10
239	8
240	4
241	8
242	6
243	8
244	5
245	4
246	4
247	5
248	10
249	4
250	10
251	6
252	4
253	5
254	3
255	6
256	8
257	12
258	5
259	6
260	5
261	9
262	8
263	6
264	7
265	7
266	5
267	9
268	14
269	5
270	6
271	4
272	7
273	5
274	3
275	4
276	5
277	4
278	7
279	2
280	5
281	5
282	2
283	6
284	2
285	3
286	6
287	4
288	9
289	7
290	2
291	1
292	9
293	8
294	5
295	5
296	3
297	7
298	2
299	9
300	2
301	1
302	3
303	5
304	5
305	4
306	6
307	4
308	3
309	4
310	3
311	6
312	2
313	4
314	4
315	4
316	3
317	7
318	4
319	3
320	2
322	5
323	6
324	3
325	1
326	4
327	4
328	7
329	3
330	3
331	6
332	1
333	3
334	2
335	4
336	4
337	1
338	3
339	1
340	2
341	1
342	2
343	4
344	2
345	3
346	5
347	1
348	8
349	5
350	2
351	5
352	4
353	3
354	1
355	1
356	3
357	1
358	2
359	4
360	1
361	2
362	4
363	2
364	1
365	3
366	2
367	1
368	1
369	1
370	3
371	3
372	2
373	2
374	3
375	2
376	5
377	1
378	3
379	5
380	1
381	3
382	2
383	3
384	2
385	3
386	5
387	2
388	3
389	3
390	1
391	3
392	4
393	2
394	3
395	2
396	3
397	1
398	2
399	2
400	3
401	1
402	1
403	2
404	2
405	1
407	2
408	5
409	2
410	2
411	1
412	2
413	4
414	3
415	2
416	1
418	1
419	1
420	1
421	2
422	1
423	3
424	1
425	1
426	2
427	4
428	3
429	1
430	4
431	2
432	3
433	3
434	2
435	2
436	2
437	1
438	1
439	2
440	3
441	1
442	2
443	1
445	3
446	4
447	1
448	1
449	1
450	2
451	1
452	1
454	4
455	1
457	1
458	5
459	3
460	1
462	3
463	2
464	2
465	1
466	2
467	2
469	4
470	1
471	3
473	2
475	1
476	2
478	2
479	2
480	2
482	2
483	1
485	2
486	1
489	2
490	1
491	2
492	2
493	1
494	1
495	1
497	3
498	3
499	2
501	1
502	1
505	2
506	3
507	3
509	1
511	4
512	1
514	2
515	1
516	1
517	3
519	1
521	2
522	1
524	1
527	1
529	2
530	2
532	2
533	2
535	1
536	1
537	1
539	1
541	1
542	1
543	2
544	2
545	1
546	1
549	1
550	2
551	2
553	2
554	2
556	1
557	2
560	1
561	1
564	4
565	1
566	1
567	1
568	1
569	1
571	4
572	1
575	1
576	3
577	1
578	1
579	1
583	3
585	1
587	1
590	1
591	1
594	3
595	1
598	1
599	3
601	2
602	3
603	2
606	2
608	1
613	1
614	2
615	1
617	1
618	1
619	1
625	1
627	1
629	3
630	1
631	3
632	4
634	2
636	1
639	1
644	1
645	1
646	1
647	1
657	1
660	2
663	1
664	1
665	1
667	2
669	3
673	1
674	1
675	1
676	3
680	1
681	1
684	1
685	1
686	1
687	1
689	1
691	1
692	2
693	1
694	2
696	2
697	1
699	1
704	2
708	1
709	1
714	1
720	1
721	1
723	1
725	1
727	1
730	1
737	1
739	1
743	2
748	1
752	1
753	1
755	1
757	1
763	1
764	1
768	1
770	1
772	1
774	1
775	1
776	2
793	1
794	1
796	1
798	1
800	1
806	1
808	1
809	1
812	1
815	1
823	1
825	1
826	1
828	1
831	1
835	1
836	2
839	1
843	1
846	1
850	1
851	1
855	1
860	1
862	1
867	1
870	1
871	1
874	1
877	2
878	1
881	1
882	1
883	1
884	1
887	2
888	1
889	1
890	1
891	1
894	1
895	1
898	2
900	1
903	1
909	1
915	1
918	1
919	1
920	1
926	1
942	1
943	1
949	2
954	2
957	2
959	1
960	1
963	1
969	1
970	1
976	1
984	1
995	1
1001	1
1006	1
1007	2
1012	2
1017	1
1021	1
1025	1
1026	1
1031	1
1038	1
1040	2
1049	1
1054	1
1056	2
1057	1
1061	1
1064	1
1072	1
1073	1
1078	1
1080	2
1084	2
1097	1
1098	1
1103	1
1107	2
1109	1
1113	1
1116	1
1128	1
1130	1
1136	1
1139	1
1146	1
1151	1
1154	1
1155	2
1158	1
1160	1
1178	1
1179	1
1182	1
1190	1
1203	1
1207	1
1215	1
1225	1
1244	1
1253	1
1255	1
1257	1
1261	1
1263	1
1277	1
1281	1
1284	1
1293	1
1305	1
1326	1
1342	1
1350	1
1351	1
1364	1
1371	1
1381	1
1388	1
1405	1
1415	1
1424	1
1477	1
1478	1
1535	1
1536	1
1558	1
1569	1
1580	1
1624	1
1629	1
1630	1
1662	1
1687	1
1691	1
1696	2
1745	1
1762	1
1812	1
1838	1
1840	2
1844	1
1887	1
1899	1
1903	1
1923	1
2003	1
2011	1
2019	1
2026	1
2085	1
2128	1
2223	1
2330	1
2364	1
2412	1
2459	1
2540	1
2574	1
2641	1
2700	1
2765	1
3031	1
4509	1
4604	1
5644	1
5669	1
7117	1
