0 24539
1 12064
2 8330
3 6015
4 4793
5 3662
6 3075
7 2418
8 1956
9 1739
10 1426
11 1228
12 1102
13 884
14 769
15 647
16 616
17 481
18 489
19 393
20 331
21 314
22 303
23 289
24 200
25 209
26 209
27 169
28 164
29 139
30 118
31 125
32 103
33 123
34 109
35 80
36 87
37 70
38 60
39 85
40 70
41 70
42 51
43 58
44 45
45 58
46 64
47 65
48 40
49 39
50 49
51 30
52 30
53 38
54 40
55 43
56 30
57 28
58 38
59 34
60 28
61 29
62 30
63 29
64 22
65 17
66 13
67 15
68 13
69 18
70 17
71 11
72 13
73 18
74 7
75 8
76 19
77 7
78 9
79 5
80 7
81 5
82 4
83 3
84 8
85 5
86 5
87 3
88 3
89 3
90 4
91 5
92 1
93 1
94 5
95 3
96 2
97 4
101 4
102 1
103 3
104 3
105 1
106 3
107 2
111 2
112 2
113 1
114 3
115 4
116 2
117 3
118 3
121 1
122 1
124 2
125 1
128 1
131 2
132 1
134 1
136 2
137 1
141 1
144 1
145 1
146 1
147 2
149 1
150 1
152 1
157 1
159 1
162 2
168 2
183 1
193 2
203 1
205 1
224 1
272 1
292 1
358 1
365 1
