0 68832
1 5617
2 2065
3 1140
4 671
5 472
6 335
7 260
8 203
9 165
10 125
11 136
12 93
13 71
14 75
15 57
16 57
17 42
18 54
19 36
20 36
21 33
22 32
23 35
24 35
25 23
26 25
27 25
28 10
29 23
30 23
31 14
32 21
33 28
34 21
35 13
36 19
37 13
38 21
39 8
40 20
41 12
42 9
43 4
44 12
45 3
46 10
47 7
48 5
49 7
50 8
51 6
52 8
53 7
54 9
55 3
56 7
57 8
58 5
59 2
60 2
61 2
62 7
63 5
64 5
65 8
66 6
68 3
69 5
70 5
71 4
72 4
73 3
74 3
75 4
76 3
77 3
78 4
79 8
80 3
81 2
82 1
83 6
84 1
85 4
86 3
87 2
88 2
89 3
91 1
92 2
93 1
94 1
95 3
96 5
98 1
99 2
100 1
101 2
102 5
103 1
106 2
107 2
108 1
109 1
110 1
111 2
113 2
115 2
116 1
117 1
118 1
119 1
122 2
123 2
124 1
125 1
128 1
129 1
135 1
146 1
147 1
148 2
149 1
152 1
153 1
158 2
159 1
160 2
163 1
164 1
165 1
168 1
171 1
174 2
175 1
185 1
188 1
190 1
206 1
216 1
219 1
240 1
258 1
269 1
