0 4814
1 6479
2 6393
3 5549
4 4894
5 4230
6 3606
7 3210
8 2800
9 2575
10 2196
11 1999
12 1791
13 1603
14 1527
15 1315
16 1217
17 1074
18 1027
19 1033
20 892
21 866
22 820
23 729
24 700
25 645
26 592
27 543
28 552
29 540
30 462
31 473
32 443
33 412
34 420
35 390
36 343
37 362
38 343
39 318
40 294
41 286
42 291
43 278
44 271
45 235
46 247
47 236
48 213
49 216
50 201
51 181
52 188
53 177
54 139
55 175
56 154
57 161
58 160
59 154
60 140
61 128
62 132
63 118
64 132
65 109
66 111
67 108
68 90
69 118
70 85
71 105
72 91
73 92
74 94
75 93
76 89
77 74
78 77
79 70
80 65
81 77
82 76
83 63
84 61
85 58
86 69
87 53
88 71
89 62
90 53
91 60
92 71
93 46
94 45
95 46
96 44
97 44
98 54
99 52
100 47
101 44
102 36
103 37
104 41
105 30
106 29
107 39
108 40
109 49
110 37
111 29
112 29
113 32
114 31
115 29
116 36
117 37
118 23
119 34
120 34
121 28
122 39
123 27
124 36
125 37
126 24
127 34
128 30
129 31
130 29
131 20
132 19
133 24
134 30
135 10
136 21
137 20
138 18
139 18
140 18
141 14
142 22
143 16
144 24
145 20
146 18
147 22
148 14
149 16
150 17
151 20
152 16
153 18
154 19
155 23
156 18
157 15
158 20
159 21
160 13
161 9
162 12
163 21
164 19
165 15
166 15
167 16
168 11
169 15
170 12
171 19
172 10
173 14
174 16
175 17
176 17
177 13
178 10
179 7
180 23
181 15
182 19
183 10
184 13
185 10
186 11
187 16
188 12
189 8
190 17
191 12
192 6
193 8
194 11
195 10
196 12
197 10
198 8
199 9
200 11
201 8
202 12
203 7
204 13
205 6
206 10
207 9
208 9
209 7
210 11
211 17
212 4
213 11
214 7
215 7
216 10
217 14
218 10
219 5
220 7
221 7
222 8
223 8
224 10
225 8
226 8
227 12
228 5
229 1
230 3
231 8
232 9
233 7
234 9
235 7
236 8
237 9
238 6
240 7
241 5
242 13
243 8
244 6
245 3
246 8
247 8
248 5
249 7
250 6
251 5
252 6
253 7
254 7
255 11
256 6
257 8
258 8
259 14
260 4
261 5
262 5
263 8
264 3
265 9
266 6
267 6
268 2
269 9
270 7
271 5
272 5
273 5
274 2
275 5
276 2
277 6
278 3
279 1
280 10
281 4
282 3
283 7
284 5
285 9
286 5
287 7
288 3
289 3
290 3
291 5
292 8
293 4
294 4
295 3
296 4
297 7
298 4
299 3
300 5
301 4
303 4
304 7
305 6
306 2
307 9
308 5
309 8
310 3
311 2
312 2
313 3
314 3
315 4
316 1
317 1
318 2
319 3
320 6
321 6
322 5
323 3
324 4
325 2
326 2
327 7
328 3
329 2
330 3
331 3
332 1
333 1
334 4
335 2
336 2
337 5
338 2
339 5
340 3
342 10
343 4
344 1
345 4
346 7
347 2
348 1
349 2
350 3
351 2
352 2
353 3
354 2
355 2
357 6
358 2
359 2
360 1
361 3
362 4
363 1
364 2
365 3
366 2
367 3
368 6
369 1
370 1
371 3
372 6
373 3
374 1
375 3
376 2
377 1
378 1
379 2
380 4
381 6
382 1
383 3
384 4
385 3
386 2
387 5
388 1
389 1
390 1
391 3
392 1
393 3
394 1
395 3
396 1
398 2
400 2
402 4
403 4
404 2
406 2
407 2
408 4
409 3
410 1
411 4
412 1
413 3
414 2
415 4
416 2
417 2
419 1
420 4
421 2
422 2
423 4
426 1
427 1
428 1
429 1
430 1
431 1
432 5
433 4
435 2
436 2
437 3
438 4
439 2
440 3
441 2
442 2
444 1
445 2
446 1
448 2
450 3
451 3
452 1
453 2
454 2
455 2
456 1
457 3
459 1
460 3
463 3
467 2
469 1
470 2
471 2
472 2
473 3
474 1
475 3
477 1
478 3
479 1
480 3
481 1
482 2
483 3
484 1
485 1
486 1
487 3
490 3
491 2
492 1
497 3
498 1
499 2
500 1
501 2
502 1
506 1
509 2
510 2
511 1
512 3
513 1
514 2
516 1
517 2
518 2
519 1
520 1
521 2
524 1
527 5
528 1
530 2
531 2
532 1
533 3
534 1
535 2
538 1
541 1
542 2
543 2
546 1
548 1
549 2
550 3
551 1
552 2
553 2
555 3
556 2
557 1
559 1
561 1
562 1
568 3
569 1
570 1
572 1
576 2
577 2
578 1
580 3
582 2
583 1
584 1
586 2
590 1
591 1
592 1
594 1
596 4
597 2
598 1
599 1
604 1
605 1
607 1
608 1
609 1
611 3
613 2
615 2
616 1
617 1
619 2
630 2
631 1
632 2
633 1
639 1
641 1
642 1
643 2
644 2
645 1
647 1
648 1
649 1
651 1
654 1
658 1
660 2
662 1
664 2
665 2
666 1
669 1
670 1
671 2
672 1
673 1
677 1
678 2
679 1
680 2
683 1
684 1
686 2
697 1
700 1
701 1
703 2
713 1
715 1
716 1
718 1
723 1
726 1
728 1
729 2
730 1
735 1
737 1
739 1
741 1
744 1
749 2
765 1
772 1
777 1
779 1
781 1
782 2
786 1
787 1
795 2
796 1
798 1
799 1
802 1
803 3
806 1
810 2
812 1
815 1
818 2
819 1
822 1
825 2
827 1
832 1
833 1
834 1
837 2
841 1
842 1
846 1
851 1
853 1
854 1
858 2
868 1
869 1
873 2
874 1
875 2
879 1
880 1
883 1
886 1
887 1
889 1
890 1
893 2
894 1
900 2
907 1
908 1
914 1
930 1
934 2
944 2
949 1
955 1
956 1
961 2
967 1
970 2
973 1
974 1
977 1
985 1
995 1
1000 1
1001 1
1002 2
1004 1
1006 1
1015 1
1017 1
1021 1
1024 2
1025 1
1030 1
1032 1
1035 1
1036 1
1037 1
1038 1
1039 1
1047 1
1048 1
1053 1
1057 1
1067 1
1075 1
1076 1
1078 1
1083 1
1093 1
1100 1
1109 1
1111 1
1119 1
1129 1
1130 1
1133 1
1146 1
1147 2
1149 1
1151 1
1162 1
1165 1
1167 1
1168 1
1175 1
1190 1
1195 1
1200 1
1203 1
1255 1
1262 1
1268 1
1269 1
1274 1
1286 1
1288 1
1297 1
1298 1
1300 2
1302 1
1325 1
1362 1
1365 1
1372 1
1391 1
1443 1
1460 1
1465 1
1476 1
1536 1
1543 1
1549 1
1555 1
1568 1
1581 1
1605 1
1635 1
1662 1
1686 1
1722 1
1728 1
1738 1
1742 1
1776 1
1805 1
1812 1
1813 1
1816 1
1835 1
1879 1
1904 1
1913 1
1936 1
2000 1
2073 1
2074 1
2181 1
2267 1
2274 1
2311 1
2321 1
2354 1
2624 1
2627 1
2653 1
3031 1
4340 1
4379 1
5301 1
5502 1
7117 1
