0 58541
1 9107
2 4009
3 2267
4 1510
5 993
6 721
7 581
8 450
9 372
10 315
11 262
12 238
13 179
14 160
15 136
16 149
17 115
18 99
19 68
20 76
21 69
22 65
23 59
24 51
25 47
26 49
27 29
28 38
29 34
30 27
31 30
32 33
33 17
34 21
35 24
36 16
37 21
38 15
39 15
40 20
41 10
42 15
43 12
44 10
45 16
46 8
47 12
48 9
49 8
50 6
51 6
52 6
53 6
54 5
55 8
56 6
57 10
58 4
59 6
60 9
61 8
62 6
63 3
64 2
66 1
67 4
68 1
69 1
70 4
71 3
72 2
73 2
74 3
75 5
77 1
78 2
79 4
80 3
81 3
82 2
83 2
84 2
85 2
87 1
88 1
89 2
90 1
92 1
93 2
94 1
97 1
100 1
102 1
103 1
105 1
113 1
114 1
118 2
120 2
122 2
127 1
136 1
140 1
142 1
151 1
154 1
156 1
160 1
166 1
168 1
172 1
178 1
179 1
194 1
215 1
234 1
296 1
309 1
730 1
