0 13751
1 8969
2 5257
3 3566
4 2870
5 2423
6 2190
7 2030
8 1901
9 1670
10 1542
11 1403
12 1411
13 1253
14 1167
15 1190
16 1052
17 1072
18 980
19 905
20 853
21 789
22 798
23 761
24 729
25 729
26 674
27 638
28 615
29 597
30 593
31 525
32 519
33 510
34 498
35 452
36 450
37 420
38 406
39 367
40 383
41 372
42 347
43 352
44 327
45 297
46 322
47 310
48 301
49 301
50 262
51 242
52 256
53 261
54 241
55 219
56 189
57 212
58 210
59 209
60 189
61 195
62 191
63 173
64 173
65 172
66 164
67 153
68 159
69 121
70 131
71 134
72 121
73 144
74 114
75 118
76 123
77 126
78 114
79 106
80 103
81 91
82 105
83 95
84 83
85 85
86 83
87 80
88 97
89 90
90 90
91 97
92 73
93 68
94 80
95 64
96 54
97 59
98 65
99 56
100 49
101 66
102 51
103 55
104 48
105 42
106 49
107 54
108 35
109 46
110 52
111 31
112 40
113 43
114 47
115 47
116 34
117 51
118 46
119 30
120 36
121 39
122 34
123 41
124 40
125 30
126 26
127 37
128 51
129 22
130 23
131 31
132 29
133 31
134 30
135 36
136 25
137 24
138 21
139 20
140 17
141 19
142 19
143 20
144 23
145 28
146 23
147 18
148 22
149 12
150 19
151 12
152 17
153 18
154 25
155 11
156 22
157 13
158 10
159 18
160 14
161 12
162 12
163 13
164 15
165 21
166 16
167 6
168 10
169 17
170 10
171 14
172 10
173 9
174 11
175 20
176 8
177 15
178 14
179 9
180 7
181 13
182 7
183 8
184 10
185 10
186 4
187 12
188 12
189 6
190 2
191 11
192 9
193 9
194 6
195 8
196 5
197 9
198 6
199 7
200 7
201 6
202 8
203 3
204 6
205 8
206 2
207 2
208 3
209 6
210 3
211 8
212 5
213 4
214 5
215 6
216 4
217 6
218 4
219 5
220 5
221 4
222 8
223 7
224 3
225 1
226 3
227 4
228 2
229 5
230 6
231 4
232 6
233 4
234 5
235 8
236 4
237 4
238 3
239 2
240 2
241 1
242 1
243 1
244 7
245 1
246 3
247 3
248 1
249 1
252 2
253 1
254 3
256 3
258 1
259 1
260 1
262 3
263 3
265 1
269 1
270 2
273 2
274 2
277 1
278 1
279 3
281 1
282 3
283 1
284 1
285 1
286 1
287 1
289 1
291 1
293 1
294 1
295 1
298 2
300 3
302 1
303 2
305 1
307 2
308 1
309 1
313 1
316 1
318 2
320 2
321 1
323 1
326 1
329 1
334 1
336 1
340 2
341 1
343 1
344 1
346 1
348 1
349 2
350 2
352 1
354 1
367 1
374 1
378 1
386 1
399 1
413 1
427 1
435 1
446 1
504 1
520 1
526 1
