0 8700
1 6906
2 4983
3 4323
4 3860
5 3469
6 3299
7 2966
8 2773
9 2634
10 2371
11 2194
12 2061
13 1914
14 1745
15 1598
16 1502
17 1360
18 1246
19 1209
20 1146
21 1074
22 1013
23 940
24 824
25 834
26 734
27 698
28 661
29 629
30 597
31 543
32 490
33 476
34 483
35 432
36 393
37 387
38 334
39 368
40 323
41 291
42 302
43 270
44 264
45 232
46 207
47 218
48 221
49 203
50 203
51 165
52 168
53 148
54 153
55 151
56 114
57 123
58 118
59 135
60 127
61 111
62 96
63 100
64 94
65 79
66 82
67 86
68 74
69 77
70 75
71 64
72 65
73 74
74 64
75 63
76 69
77 56
78 48
79 42
80 39
81 36
82 50
83 30
84 29
85 51
86 31
87 32
88 33
89 32
90 29
91 29
92 31
93 30
94 26
95 38
96 30
97 20
98 25
99 23
100 14
101 20
102 14
103 18
104 16
105 19
106 18
107 21
108 22
109 17
110 16
111 10
112 11
113 18
114 13
115 13
116 12
117 9
118 11
119 10
120 13
121 11
122 16
123 4
124 6
125 10
126 9
127 9
128 9
129 7
130 12
131 7
132 11
133 9
134 9
135 6
136 9
137 10
138 9
139 6
140 9
141 6
142 3
143 9
144 7
145 7
146 11
147 3
148 10
149 7
150 7
151 4
152 3
153 2
154 10
155 8
156 10
157 12
158 6
159 5
160 5
161 4
162 5
163 6
164 9
165 6
166 1
167 9
168 11
169 1
170 7
171 6
172 6
173 5
174 5
175 6
176 6
177 4
178 5
179 5
180 3
181 7
182 6
183 5
184 5
185 7
186 6
187 7
188 4
189 1
190 2
191 3
192 3
193 3
194 4
195 6
196 2
197 3
198 1
199 6
200 4
201 3
202 2
203 2
204 1
205 4
206 5
207 3
208 4
209 3
210 2
211 1
212 4
213 3
214 3
215 3
216 2
217 1
218 1
219 4
220 3
221 4
222 1
223 6
224 1
225 1
226 2
227 3
229 2
230 1
231 3
232 4
233 2
235 2
239 1
240 1
243 1
245 1
247 1
248 4
249 1
252 1
255 2
257 1
259 1
268 1
271 1
276 1
282 1
284 1
287 1
317 1
321 1
325 1
329 1
361 1
427 1
440 1
473 1
503 1
